LinkerHeats
HIF3A = 7.02681008845
BUB1B = 7.178548241
TNXB = 7.39125305855
AGER = 7.76442250193
TRAIP = 7.28444904923
CERS6 = 6.52316826933
LHX2 = 6.36551719972
THRA = 6.64870625132
FOXF1 = 7.24715534958
MYC = 6.91237673481
HDGF = 7.01302205274
KLF2 = 6.98848132187
CBLC = 6.615264082
NPR1 = 7.02483630816
CENPI = 6.9725525145
TSC22D1 = 6.75199363792
CENPF = 6.83636009066
SPAG5 = 6.70475156667
RANGAP1 = 6.74205939644
RAMP2 = 7.04371222759
LDB2 = 7.23023890905
DEPDC1B = 6.53591951353
PA2G4 = 6.83024847486
GMPS = 6.55691267552
PSRC1 = 7.26410576391
ADRA1B = 7.46295180194
GTSE1 = 6.56657916002
FABP4 = 7.34059793257
IHH = 6.67527847256
COLEC12 = 6.72230525658
DDAH1 = 6.68279856804
ITGA8 = 6.9517308597
ITGA9 = 6.93505890368
ZNF217 = 6.50911991198
FOXP1 = 6.91892052631
STMN1 = 6.8256184852
ZWINT = 6.96950935151
KHDRBS2 = 6.83263398256
FEN1 = 6.7268093241
IQSEC1 = 6.81835584514
ARHGAP6 = 6.97478582533
RGN = 6.87296785377
MARCO = 6.49571458836
RUVBL1 = 6.81984168636
TIMELESS = 7.30382368615
CSRNP1 = 7.0991828871
SOX17 = 6.31979993967
NR5A2 = 6.60780991357
SPRY1 = 6.63510916226
PDE5A = 6.69237639599
TOP2A = 6.92263892676
SPATA13 = 6.77533724291
ACVRL1 = 6.92539288313
DPYSL2 = 7.53128166275
RAD51 = 7.05944575867
RHOJ = 6.40841983903
GNAQ = 6.96455978259
TFAP4 = 6.77594083344
PPARG = 7.06412713766
UBE2C = 7.34455724424
ATAD2 = 6.66379101074
TBC1D31 = 7.20756418603
DEPDC1 = 7.10920635558
MCM3 = 7.15626762439
TIE1 = 7.29648008502
HDAC1 = 6.91159979793
MYH11 = 6.80260999157
TLE6 = 7.47553736594
POLE = 6.72167905193
FOXM1 = 6.98792159587
FLT4 = 6.65580765387
MXD4 = 7.14187486848
NDC80 = 7.09725566871
TEK = 7.69548942089
RACGAP1 = 7.06933780955
S1PR1 = 7.41360138806
CKS1B = 6.76703745632
NR2F2 = 6.9683083999
FGF18 = 6.41660424653
MAPK4 = 6.58603217647
FHL5 = 7.3299655948
DLC1 = 7.69250922176
TCF21 = 7.84866110054
FGF14 = 7.21523322975
TGFBR2 = 6.68930329727
ELN = 7.046095058
RBL1 = 6.77428541717
RXRG = 6.76585772103
CHRDL1 = 7.95139247705
HMGA1 = 6.82378272162
TCEAL2 = 7.37986865116
ADGRL2 = 7.21559818249
CLU = 6.84305400316
FRY = 7.29692316937
SRPK1 = 7.08914963178
ID4 = 7.17607517715
LMO3 = 6.7596755023
ARHGAP11A = 6.53365373988
HOXA1 = 7.11183504201
ATOH8 = 6.67781586359
PTH1R = 6.61038874495
MKI67 = 7.16442188781
RASL12 = 6.64204048892
HMGB2 = 6.76687133798
MAZ = 7.00796357429
MYOCD = 6.74877895894
TAL1 = 7.34289001512
MYBL2 = 7.10983731997
EDNRB = 7.39248438905
CAD = 6.68775470748
ARHGAP44 = 6.7429532273
CCNA2 = 7.02226584148
STARD8 = 7.58155952161
PRDM5 = 6.3848556656
ANK2 = 6.47767028651
CRY2 = 7.24686204697
MED10 = 6.53273928962
HSPD1 = 6.82386598254
TNNI2 = 6.53228742024
AURKA = 6.92424055661
AURKB = 6.99327487063
IQGAP3 = 6.56446309627
DAPK2 = 6.51059814482
ASF1B = 7.06779438417
PTPRB = 7.08629220513
DNMT3B = 6.68209008974
TONSL = 6.79488377003
TRAF7 = 6.5897223466
THOP1 = 6.37147520257
RHOBTB2 = 6.83806321243
EBF1 = 6.46251186338
ZNF366 = 7.4112755921
AFF3 = 7.42680604391
ACTN2 = 7.60093243369
NMUR1 = 7.22811418663
E2F1 = 6.93853874453
ENO1 = 6.80562239115
TFG = 7.15293047649
E2F8 = 7.2260662236
KIF13B = 6.18947119147
ACTL6A = 6.66888791726
BCL6B = 7.4090847124
NFIX = 6.67276742147
TRIP13 = 7.2166143499
