"ENSG","ENSP","S","Seq","Index","UNIPROTID","SYMBOL","Fold_Change","P_Value","Adjusted_P_Value"
"ENSG00000004776","ENSP00000004982.3","S16","PSWLRRASAPLPGLS","1","O14558","HSPB6",-2.0378412656259,5.23682512459812e-33,2.29260722776156e-30
"ENSG00000006453","ENSP00000005260.8","S331","PSLQRSVSVATGLNM","1","Q9UHR4","BAIAP2L1",1.05895874059542,2.12928272253463e-23,6.33513291573533e-22
"ENSG00000061273","ENSP00000404394.2","S155","FPLRKTVSEPNLKLR","1","Q8WUI4","HDAC7",-0.556728809031899,1.54025538798619e-24,5.51415027626597e-23
"ENSG00000096717","ENSP00000212015.6","S47","DGPGLERSPGEPGGA","1","Q96EB6","SIRT1",0.388404868063123,3.80219104792357e-13,3.49904338329183e-12
"ENSG00000100030","ENSP00000215832.7","Y187","HTGFLTEYVATRWYR","1","P28482","MAPK1",-1.30017925432734,3.4601777504352e-22,8.62792084313156e-21
"ENSG00000132670","ENSP00000369756.3","Y798","YIDAFSDYANFK___","1","P18433","PTPRA",-1.78338292075755,4.69412982345073e-32,1.24010007275558e-29
"ENSG00000103194","ENSP00000219473.7","S76","DTLPRTPSYSISSTL","1","Q14694","USP10",1.23383337072062,1.6110600668005e-15,1.88726818605127e-14
"ENSG00000106299","ENSP00000223023.4","Y256","RETSKVIYDFIEKTG","1","O00401","WASL",-0.798932902276764,9.16511496614133e-12,7.27817953193576e-11
"ENSG00000106462","ENSP00000419711.1","T487","APAEDVDTPPRKKKR","1","G3XAL2","EZH2",1.09605536121391,2.40679576457703e-20,4.76461603394464e-19
"ENSG00000026025","ENSP00000224237.5","S412","EGEESRISLPLPNFS","1",NA,"VIM",-0.828135354772314,1.07041045036527e-21,2.49830375106196e-20
"ENSG00000026025","ENSP00000224237.5","S430","LRETNLDSLPLVDTH","1",NA,"VIM",-0.662435087714563,1.83715996581682e-15,2.13580300274872e-14
"ENSG00000026025","ENSP00000224237.5","S72","SSAVRLRSSVPGVRL","1",NA,"VIM",-0.368787254660418,2.79010423307903e-06,1.24712287372676e-05
"ENSG00000026025","ENSP00000224237.5","S73","SAVRLRSSVPGVRLL","1",NA,"VIM",-0.528301447458706,5.37730591153915e-14,5.37467513565288e-13
"ENSG00000026025","ENSP00000224237.5","S83","GVRLLQDSVDFSLAD","1",NA,"VIM",-0.786908912583829,2.63346852104093e-22,6.6696399030826e-21
"ENSG00000112062","ENSP00000229794.4","Y182","TDDEMTGYVATRWYR","1","Q16539","MAPK14",0.311686018394138,2.14461338727328e-05,8.58770119600022e-05
"ENSG00000112977","ENSP00000230895.7","S51","DQEWESPSPPKPTVF","1","P51397","DAP",0.691058471896483,9.99843031098505e-25,3.71846962233176e-23
"ENSG00000113441","ENSP00000231368.5","S91","RSSGLRNSATGYRQS","1",NA,"LNPEP",0.280476149532934,0.000442408695226619,0.0014648962145024
"ENSG00000113916","ENSP00000384371.2","S343","KSDCQPNSPTESCSS","1","P41182","BCL6",0.383645046315667,1.42751710901305e-12,1.23856913379685e-11
"ENSG00000055332","ENSP00000233057.4","S83","NKEKKAVSPLLLTTT","1","P19525","EIF2AK2",0.20139933092976,0.00277981807973991,0.00805327330815179
"ENSG00000115685","ENSP00000234038.6","S27","RRVESEESGDEEGKK","1","C9JD73","PPP1R7",0.438819956305881,2.07814568249692e-13,1.95292163263165e-12
"ENSG00000115806","ENSP00000234160.4","T225","QMAGTPITPLKDGFT","1",NA,"GORASP2",0.464991381632299,1.02772283054606e-07,5.3416835383453e-07
"ENSG00000115942","ENSP00000234296.2","T226","SAPVGKETPSKRMKR","1","Q13416","ORC2",2.3187096652957,1.32635671245666e-28,1.11977706324425e-26
"ENSG00000116455","ENSP00000235090.5","T5","___MRKETPPPLVPP","1","Q9BQA1","WDR77",0.446523280025957,1.23805364996735e-22,3.29627750679839e-21
"ENSG00000114942","ENSP00000376056.2","S106","DDIDLFGSDDEEESE","1","P24534","EEF1B2",0.862930339428878,5.20047185539224e-21,1.11135606700485e-19
"ENSG00000119638","ENSP00000238616.5","S944","GQQVGMHSKGTQTAK","1","Q8TD19","NEK9",-0.912680829474404,2.591242066674e-16,3.27053596100595e-15
"ENSG00000120948","ENSP00000240185.4","S292","NQGGFGNSRGGGAGL","1","K7EJM5","TARDBP",-1.01396068048847,1.77528231152494e-20,3.56044021182472e-19
"ENSG00000123143","ENSP00000242783.7","T774","GYGDRTSTFCGTPEF","1","K7EPK3","PKN1",-0.679860239448491,1.865337309115e-16,2.3877720065927e-15
"ENSG00000125970","ENSP00000246194.3","S135","FDYRGRLSPVPVPRA","1","Q9UKM9","RALY",0.142087622531207,1.15327719496094e-05,4.77661571017408e-05
"ENSG00000126458","ENSP00000246792.2","S201","QEQELPPSPPSAPRK","1","P10301","RRAS",-0.418154350365779,1.90183545119164e-16,2.43144544855102e-15
"ENSG00000127022","ENSP00000247461.4","S583","EDEILNRSPRNRKPR","1","D6RB85","CANX",0.33518112316867,1.07337226654906e-08,6.2392816973437e-08
"ENSG00000106211","ENSP00000248553.6","S15","FSLLRGPSWDPFRDW","1","P04792","HSPB1",-1.41858544860244,2.00273833257998e-22,5.20117933914522e-21
"ENSG00000106211","ENSP00000248553.6","T143","RCFTRKYTLPPGVDP","1","P04792","HSPB1",0.52833525847414,1.58927537155527e-10,1.11910256804484e-09
"ENSG00000127947","ENSP00000248594.6","S19","QRVQAMKSPDHNGED","1","Q05209","PTPN12",0.601399153867593,4.9184386073949e-18,7.41759601986302e-17
"ENSG00000129675","ENSP00000250617.6","S225","KSSERPLSPKAVKGF","1","Q15052","ARHGEF6",-0.486152441246457,1.94711198015014e-11,1.49922730230405e-10
"ENSG00000129675","ENSP00000250617.6","S684","GSSTRKDSIPQVLLP","1","Q15052","ARHGEF6",-0.799548135231838,3.19576649135634e-21,7.01032670920653e-20
"ENSG00000130177","ENSP00000348554.3","S560","KTLKNIISPPWDFRE","1","Q13042","CDC16",0.146642292792617,0.00622400591559472,0.0167929795107766
"ENSG00000130396","ENSP00000404595.2","T1352","TPAAIPATPVAVSQP","1","E9PFY5","AFDN",-0.398933750703055,3.54566559067093e-08,1.94935274535541e-07
"ENSG00000132604","ENSP00000254942.3","S365","PTQALPASPALKNKR","1","Q15554","TERF2",0.598596170483056,2.15917131418716e-20,4.30219797940608e-19
"ENSG00000133818","ENSP00000256196.4","S186","QEQECPPSPEPTRKE","1","P62070","RRAS2",-0.762751120997258,5.55676811915464e-18,8.33107431563082e-17
"ENSG00000135447","ENSP00000257905.8","S67","LKSTLAMSPRQRKKM","1","R4GMQ8","PPP1R1A",-0.886208342273928,1.56024996480752e-18,2.47740208142625e-17
"ENSG00000136504","ENSP00000259021.4","S57","SQSSQDSSPVRNLQS","1","O95251","KAT7",0.395068914414594,3.80057679856198e-05,0.000147372739455816
"ENSG00000058272","ENSP00000389168.2","S445","LGLRKTGSYGALAEI","1","O14974","PPP1R12A",-0.386276547886233,1.22652794342186e-10,8.7411508898053e-10
"ENSG00000058272","ENSP00000389168.2","T696","ARQSRRSTQGVTLTD","1","O14974","PPP1R12A",1.33242617514536,4.47896652456704e-12,3.68181140411365e-11
"ENSG00000109787","ENSP00000261438.5","S250","KRPLPVESPDTQRKR","1","P57682","KLF3",-1.21799432534015,1.83428862583527e-12,1.57323747379574e-11
"ENSG00000051523","ENSP00000261623.3","T147","ERPQIGGTIKQPPSN","1","P13498","CYBA",0.509217291968305,1.53530475798059e-05,6.26740566249039e-05
"ENSG00000110958","ENSP00000262033.6","S113","WKDWEDDSDEDMSNF","1",NA,"PTGES3",0.220131502913482,1.4090921717543e-08,8.08493345879246e-08
"ENSG00000087253","ENSP00000262134.5","S34","PMVPRQASFFPPPVP","1","Q7L5N7","LPCAT2",-0.235638026260474,1.4014998887602e-09,8.91612291697249e-09
"ENSG00000065559","ENSP00000262445.5","S257","ISGQLVDSIAKTRDA","1","P45985","MAP2K4",-0.574762741094382,4.82270538361768e-10,3.22548682848023e-09
"ENSG00000109062","ENSP00000262613.5","S280","LAEAALESPRPALVR","1","J3QRP6","SLC9A3R1",-1.09353972836799,1.12798069915559e-17,1.64604612026776e-16
"ENSG00000102882","ENSP00000263025.4","Y204","HTGFLTEYVATRWYR","1","P27361","MAPK3",-1.13358176933783,2.35564401325368e-18,3.68685959071293e-17
"ENSG00000103319","ENSP00000263026.5","S445","SGDSGYPSEKRGELD","1","O00418","EEF2K",0.607681383739244,1.97832977482094e-11,1.52282411861641e-10
"ENSG00000108091","ENSP00000263102.6","S244","QPVSAPPSPRDISME","1","Q16204","CCDC6",0.394593292680263,4.34734541459321e-10,2.92353606724754e-09
"ENSG00000065675","ENSP00000263125.5","T538","LGDAKTNTFCGTPDY","1","Q04759","PRKCQ",-0.773736005766189,1.24021588131129e-16,1.61867187746101e-15
"ENSG00000026508","ENSP00000398632.2","S697","AVEDRKPSGLNGEAS","1","P16070","CD44",-0.372040846406989,3.82452459400446e-06,1.6793603121259e-05
"ENSG00000026508","ENSP00000398632.2","S706","LNGEASKSQEMVHLV","1","P16070","CD44",-1.69839713531301,2.66662104709078e-27,1.60547351646556e-25
"ENSG00000125503","ENSP00000263433.1","S509","SRIPEPESPAKPNVP","1","Q9BZL4","PPP1R12C",-0.895512986305182,3.78410353928549e-19,6.43171674772069e-18
"ENSG00000110048","ENSP00000263847.1","S240","TALQRSLSELESLKL","1","P22059","OSBP",0.440079782856877,3.09854530129592e-15,3.52337368305059e-14
"ENSG00000090020","ENSP00000263980.3","S693","VPAHKLDSPTMSRAR","1",NA,"SLC9A1",-0.400136361397422,6.8354065842589e-11,4.99216002799366e-10
"ENSG00000090020","ENSP00000263980.3","S796","QRIQRCLSDPGPHPE","1",NA,"SLC9A1",-0.107339462039217,0.0184055679034194,0.0444439861634455
"ENSG00000128050","ENSP00000421096.1","S27","EVYELLDSPGKVLLQ","1","D6RF62","PAICS",3.51291245792489,5.31612966913247e-29,4.90701185875194e-27
"ENSG00000031081","ENSP00000264245.4","S1178","ALTGRRNSAPVSVSA","1","Q2M1Z3","ARHGAP31",-0.881780319205845,4.61059528367979e-24,1.54080362560924e-22
"ENSG00000138639","ENSP00000378611.1","S391","RSSMNNGSPTALSGS","1","Q8N264","ARHGAP24",-0.920587915534824,6.64106006226524e-30,7.91888270848709e-28
"ENSG00000138639","ENSP00000378611.1","S415","HKLDVSRSPPLMVKK","1","Q8N264","ARHGAP24",-0.960210246708282,1.76595731831284e-23,5.33179921376326e-22
"ENSG00000168610","ENSP00000264657.4","Y705","DPGSAAPYLKTKFIC","1","P40763","STAT3",-1.01010534058731,2.12928272253463e-23,6.33513291573533e-22
"ENSG00000084774","ENSP00000264705.3","S1859","PPRIHRASDPGLPAE","1","P27708","CAD",1.19893366890505,2.95861033812403e-28,2.23316782787712e-26
"ENSG00000087274","ENSP00000381197.1","S12","SRAAVVTSPPPTTAP","1",NA,"ADD1",-1.3176491197468,9.59089692062361e-32,2.12980460965587e-29
"ENSG00000073111","ENSP00000265056.7","S139","RRGLLYDSDEEDEER","1","P49736","MCM2",1.71548744851776,8.2237154423078e-31,1.26007879864761e-28
"ENSG00000073111","ENSP00000265056.7","S41","RTDALTSSPGRDLPP","1","P49736","MCM2",0.7277925825572,5.98141646426289e-14,5.93589726513395e-13
"ENSG00000112658","ENSP00000265354.4","S103","RGLKRSLSEMEIGMV","1","P11831","SRF",-0.158661393231508,0.00295365087195583,0.00851101372553704
"ENSG00000106605","ENSP00000265523.4","S230","LKRNRYLSFHFKSGS","1","P53004","BLVRA",-0.97572133990349,2.09664079334631e-19,3.67151754926272e-18
"ENSG00000139687","ENSP00000267163.4","S249","AVIPINGSPRTPRRG","1",NA,"RB1",0.591036401330431,2.01751715945443e-15,2.33749766924313e-14
"ENSG00000139687","ENSP00000267163.4","T373","VNVIPPHTPVRTVMN","1",NA,"RB1",0.331543110501972,3.36326698831953e-08,1.85106531711659e-07
"ENSG00000140577","ENSP00000268184.6","S62","LTQYHGGSLPNVSQL","1","Q6UUV7","CRTC3",-0.448208476142472,3.85995467730067e-10,2.61006864708471e-09
"ENSG00000116604","ENSP00000271555.5","S121","EDKYRRASEELDGLF","1","Q14814","MEF2D",-0.307061337911719,1.35917525800224e-07,6.96753525953141e-07
"ENSG00000116604","ENSP00000271555.5","S180","LTDPRLLSPQQPALQ","1","Q14814","MEF2D",-0.168437971297475,0.000728131282779354,0.0023228797793851
"ENSG00000116604","ENSP00000271555.5","S444","SIKSEPVSPSRERSP","1","Q14814","MEF2D",0.146999444351955,0.00273784550374628,0.00794369205285974
"ENSG00000143379","ENSP00000271640.5","S1066","RNYGYNPSPVKPEGL","1","E9PS59","SETDB1",1.91182743903784,8.22334223844301e-31,1.26007879864761e-28
"ENSG00000102225","ENSP00000349762.4","S138","LEKLTLNSPIFDKPL","1",NA,"CDK16",-0.37179671228478,3.3326323945825e-05,0.00013006688707588
"ENSG00000147140","ENSP00000276079.8","T450","GIGAIGGTPPAFNRA","1","Q15233","NONO",0.111991676637871,0.00316102951192966,0.00904973114467873
"ENSG00000149269","ENSP00000348696.4","S174","TPAVPPVSEDEDDDD","1","Q13153","PAK1",0.551330958490887,4.19009201209051e-16,5.18600039218553e-15
"ENSG00000149269","ENSP00000348696.4","T212","VIEPLPVTPTRDVAT","1","Q13153","PAK1",0.694891707713804,2.08217236337939e-14,2.16960802705751e-13
"ENSG00000149782","ENSP00000443631.1","S1105","LDRKRHNSISEAKMR","1","Q01970","PLCB3",-0.241384437838612,0.000159548231759007,0.000565112755692878
"ENSG00000149782","ENSP00000443631.1","S537","PSLEPQKSLGDEGLN","1","Q01970","PLCB3",-0.581585739140483,9.59997818733211e-18,1.40963742956777e-16
"ENSG00000150593","ENSP00000280154.7","S457","RGRKRFVSEGDGGRL","1","Q53EL6","PDCD4",-0.367630296901432,1.17833964898665e-09,7.55127949460389e-09
"ENSG00000150787","ENSP00000280362.3","S19","AQVSRRISFSASHRL","1","Q03393","PTS",1.28545880377517,1.60804428108726e-23,4.88874176526974e-22
"ENSG00000154767","ENSP00000285021.8","S94","VIKDEALSDGDDLRD","1","Q01831","XPC",-0.53175109195487,2.82740410001913e-14,2.91344312861756e-13
"ENSG00000158092","ENSP00000417273.1","Y105","VDPGERLYDLNMPAY","1","P16333","NCK1",-0.781340795755852,1.26937726386371e-12,1.1076328659198e-11
"ENSG00000060491","ENSP00000290291.6","S378","EDRPEPLSPKESKKR","1","Q9NZT2","OGFR",0.467242189045596,1.96761832076035e-19,3.46140433063725e-18
"ENSG00000105287","ENSP00000393978.1","S710","GEKSFRRSVVGTPAY","1","Q9BZL6","PRKD2",0.18995035749116,4.07770803056153e-05,0.000157204821306807
"ENSG00000105287","ENSP00000393978.1","S876","QGLAERISVL_____","1","Q9BZL6","PRKD2",-0.422545039349284,3.90255855301067e-14,3.96663040985115e-13
"ENSG00000170421","ENSP00000447566.1","S24","PRAFSSRSYTSGPGS","1","P05787","KRT8",1.20072825671528,5.21232481715307e-25,2.04522015392645e-23
"ENSG00000162402","ENSP00000294383.5","S2047","QRVSDQNSPVLPKKS","1","Q9UPU5","USP24",0.416236695014462,4.9112507597978e-20,9.29044935395083e-19
"ENSG00000181163","ENSP00000296930.5","S125","AVEEDAESEDEEEED","1","P06748","NPM1",0.607177844593732,1.28682924281434e-19,2.31697309906259e-18
"ENSG00000181163","ENSP00000296930.5","S70","EAMNYEGSPIKVTLA","1","P06748","NPM1",1.18694738646355,1.93894701672497e-17,2.75343055271254e-16
"ENSG00000181163","ENSP00000296930.5","S88","MSVQPTVSLGGFEIT","1","P06748","NPM1",-0.117603842819911,0.00422180651084226,0.0118086948999136
"ENSG00000167193","ENSP00000300574.2","Y251","QKRVPNAYDKTALAL","1","P46108","CRK",-1.60158343098313,2.80519703206672e-27,1.68559339309186e-25
"ENSG00000141456","ENSP00000460300.2","S477","ADALKLRSPRGSPDG","1","C9JFV4","PELP1",0.540580787600252,1.84022678993597e-18,2.90539670157587e-17
"ENSG00000167978","ENSP00000301740.8","S1329","LRENSFGSPLEFRNS","1","Q9UQ35","SRRM2",0.706553859848544,1.09571619209388e-25,4.81063362560413e-24
"ENSG00000171848","ENSP00000302955.4","S20","DPQQLQLSPLKGLSL","1","P31350","RRM2",2.40313412975542,8.91404429941226e-19,1.45034040732207e-17
"ENSG00000171566","ENSP00000424417.1","S119","TKIQRMPSESAAQSL","1","O43660","PLRG1",0.979060487214735,2.01003746217902e-11,1.54534867106061e-10
"ENSG00000150995","ENSP00000497605.1","S1764","RPSGRRESLTSFGNG","1",NA,"ITPR1",-0.418782030144882,4.53368158904119e-18,6.86775443876259e-17
"ENSG00000168298","ENSP00000307705.4","T18","APAPAEKTPVKKKAR","1","P10412","HIST1H1E",1.08407593700857,1.2301521518353e-08,7.10211241390216e-08
"ENSG00000063244","ENSP00000307863.3","S79","EHGGLIRSPRHEKKK","1","P26368","U2AF2",0.395929283721827,3.25954795024936e-20,6.33812480554515e-19
"ENSG00000167658","ENSP00000307940.5","T57","RAGETRFTDTRKDEQ","1","M0R0I6","EEF2",0.906566468371683,4.00463014132665e-30,4.98869474312826e-28
"ENSG00000020633","ENSP00000308051.6","T14","PSTSRRFTPPSPAFP","1","Q13761","RUNX3",0.315362946535792,2.91940221190256e-06,1.30055358022611e-05
"ENSG00000002330","ENSP00000378040.3","S118","GRELRRMSDEFVDSF","1","Q92934","BAD",0.231250465477181,6.56277255491604e-05,0.000246465888413483
"ENSG00000143851","ENSP00000309116.3","S149","RLQERRGSNVALMLD","1","P35236","PTPN7",0.168416474851522,0.00528494750704591,0.0144703608448018
"ENSG00000151694","ENSP00000309968.3","T735","KPFPAPQTPGRLQPA","1","P78536","ADAM17",0.165933384143212,0.010628748053556,0.0272339451589652
"ENSG00000048649","ENSP00000311513.6","S1359","ENVGKVGSPLDYSLV","1","Q96T23","RSF1",0.156809590959217,0.00165167180562016,0.00499166493917454
"ENSG00000153048","ENSP00000311847.4","S32","RSRERSPSPLRGNVV","1","Q9Y2V2","CARHSP1",-1.0095787057456,4.95040532055919e-24,1.64717883874632e-22
"ENSG00000153048","ENSP00000311847.4","S41","LRGNVVPSPLPTRRT","1","Q9Y2V2","CARHSP1",-0.823743416019056,7.29019855357063e-29,6.62932150368463e-27
"ENSG00000175354","ENSP00000311857.3","S304","LSPAFDHSPNKIMTE","1",NA,"PTPN2",1.5634959601797,9.88718534916473e-30,1.1263672677515e-27
"ENSG00000172830","ENSP00000312081.4","S37","SRLQRRQSFAVLRGA","1","Q8TE77","SSH3",0.995480321911767,4.18342807748863e-23,1.18925003186122e-21
"ENSG00000204574","ENSP00000313603.8","S109","KKLSVPTSDEEDEVP","1","Q8NE71","ABCF1",0.598513165511463,2.64535648146316e-19,4.57746749714503e-18
"ENSG00000204574","ENSP00000313603.8","S140","AALIQDQSEEEEEEE","1","Q8NE71","ABCF1",0.427263320841785,1.73798540949099e-14,1.82837496992281e-13
"ENSG00000136878","ENSP00000313811.4","S333","RMKDRKFSWGQQRTN","1",NA,"USP20",0.287910538927878,1.51922296345824e-05,6.2042361027689e-05
"ENSG00000121774","ENSP00000313829.7","S58","SRGGARASPATQPPP","1","Q07666","KHDRBS1",0.372588082412296,1.22253674571546e-17,1.77054057525758e-16
"ENSG00000037897","ENSP00000314441.7","S27","YYRQRAHSNPMADHT","1","Q9UBP6","METTL1",0.841983128198358,1.19750412941799e-21,2.78433338740624e-20
"ENSG00000174996","ENSP00000399403.1","S582","PRMKRASSLNFLNKS","1","E9PI24","KLC2",0.535155930815051,6.5354194519381e-14,6.46683658716962e-13
"ENSG00000177733","ENSP00000316042.4","S84","VELKRAVSREDSARP","1","Q13151","HNRNPA0",2.61801591615028,2.05216018817913e-19,3.60392257689109e-18
"ENSG00000178691","ENSP00000316578.5","S546","SMSEFLESEDGEVEQ","1","Q15022","SUZ12",0.157739506246372,0.000381060391184184,0.0012756822905658
"ENSG00000114867","ENSP00000316879.5","S1231","EAALPPVSPLKAALS","1","Q04637","EIF4G1",0.507668269655877,1.05239548593802e-10,7.56170214925454e-10
"ENSG00000114867","ENSP00000316879.5","S1238","SPLKAALSEEELEKK","1","Q04637","EIF4G1",0.50480755983682,8.19014019490797e-10,5.33673923608239e-09
"ENSG00000104529","ENSP00000317399.6","S133","APQTQHVSPMRQVEP","1","E9PJD0","EEF1D",0.80828199216506,9.13161167354412e-30,1.05202345765323e-27
"ENSG00000104529","ENSP00000317399.6","S162","DDIDLFGSDNEEEDK","1","E9PJD0","EEF1D",0.53187694248242,9.15010074867676e-24,2.91481120003326e-22
"ENSG00000165119","ENSP00000317788.4","S284","RRDYDDMSPRRGPPP","1","P61978","HNRNPK",0.231856789009601,4.28732917534517e-05,0.000164787661580902
"ENSG00000148660","ENSP00000410298.2","T287","SMMHRQETVECLRKF","1","Q13555","CAMK2G",-0.586821616306789,3.45446837547767e-17,4.7685668183114e-16
"ENSG00000117713","ENSP00000320485.7","S363","RSHHAPMSPGSSGGG","1","H0Y488","ARID1A",0.270217250727711,4.07292776856012e-09,2.46816040078159e-08
"ENSG00000180900","ENSP00000349486.2","S1378","EGPPKRVSLVGADDL","1","Q14160","SCRIB",-0.140769563776072,0.0163296773382595,0.0399443615925099
"ENSG00000180096","ENSP00000498586.1","S315","RSKLSRQSATEIPLP","1","J3KNL2","SEPT1",-0.358730819793937,0.000652159538853644,0.00209666691860784
"ENSG00000177731","ENSP00000324573.4","S436","RLRRRKDSAQDDQAK","1","K7EJJ7","FLII",-0.413707494577775,0.0173950813074815,0.0422471553347887
"ENSG00000002834","ENSP00000325240.6","S146","MEPERRDSQDGSSYR","1","Q14847","LASP1",-0.374161555868554,2.02711052867807e-12,1.7279778067132e-11
"ENSG00000096384","ENSP00000360709.5","S255","PKIEDVGSDEEDDSG","1","P08238","HSP90AB1",0.598087076604994,1.10855004378949e-19,2.01253057416641e-18
"ENSG00000184708","ENSP00000328103.5","S513","NLESHLMSPAEIPGQ","1",NA,"EIF4ENIF1",0.31974582458459,0.000603955459539759,0.0019523433605059
"ENSG00000137693","ENSP00000282441.5","S164","AQHLRQSSFEIPDDV","1","P46937","YAP1",-0.692115118287067,2.09664079334631e-19,3.67151754926272e-18
"ENSG00000137693","ENSP00000282441.5","S289","PPPLAPQSPQGGVMG","1","P46937","YAP1",-0.280826285452378,6.37822927631961e-16,7.74715957878773e-15
"ENSG00000137693","ENSP00000282441.5","S61","IVHVRGDSETDLEAL","1","P46937","YAP1",-0.254114845627619,2.88654903292243e-06,1.28685328940803e-05
"ENSG00000163932","ENSP00000331602.3","T507","FGESRASTFCGTPDY","1","Q05655","PRKCD",-0.151961880886194,0.0122935847086589,0.031002049324955
"ENSG00000184304","ENSP00000333568.6","S249","GREKRSNSQSYIGRP","1","Q15139","PRKD1",-0.30364421978723,2.52967985520445e-05,0.00010039114110689
"ENSG00000156256","ENSP00000382858.2","S415","VEDEDQDSEEEKDND","1","Q9Y5T5","USP16",0.455861093651187,6.98008692322785e-22,1.67636962196174e-20
"ENSG00000067225","ENSP00000334983.5","S37","MCRLDIDSPPITARN","1",NA,"PKM",0.878990219473305,4.03048003749334e-28,2.865755469814e-26
"ENSG00000115524","ENSP00000335321.6","T142","PFADGGKTPDPKMNA","1","O75533","SF3B1",0.464341707119008,1.41170770501924e-07,7.22474659657892e-07
"ENSG00000115524","ENSP00000335321.6","T313","HGSGWAETPRTDRGG","1","O75533","SF3B1",0.202135128624057,1.10505905581189e-05,4.58310119980449e-05
"ENSG00000115524","ENSP00000335321.6","T426","AGYVPIRTPARKLTA","1","O75533","SF3B1",-0.31033514830489,1.83847647366285e-07,9.30318882684906e-07
"ENSG00000155506","ENSP00000336721.4","S697","LPTTVPESPNYRNTR","1","Q6PKG0","LARP1",0.784074368502477,3.63611483195114e-28,2.67857545733516e-26
"ENSG00000155506","ENSP00000336721.4","T572","KILIVTQTPHYMRRH","1","Q6PKG0","LARP1",0.386153322782569,2.17779619612393e-16,2.76808645500696e-15
"ENSG00000068305","ENSP00000453095.1","S253","GKVMPTKSPPPPGGG","1","H0YM62","MEF2A",-0.29039147333992,5.36209624540234e-12,4.36908905717508e-11
"ENSG00000185650","ENSP00000388402.2","S54","GGFPRRHSVTLPSSK","1","G3V382","ZFP36L1",0.546344456842515,2.25504337914062e-20,4.48738989310158e-19
"ENSG00000153107","ENSP00000339109.3","S688","FDFEGSLSPVIAPKK","1","H0Y564","ANAPC1",0.340632124799452,2.25723826092235e-08,1.26297364443976e-07
"ENSG00000118689","ENSP00000385824.1","S253","APRRRAVSMDNSNKY","1","O43524","FOXO3",-0.343603102451382,2.35246614720866e-06,1.06235374419702e-05
"ENSG00000050405","ENSP00000340184.4","S362","PVHPKPLSPDSRASS","1","F8VS07","LIMA1",0.27432879381535,7.37821028075032e-05,0.000275067219043301
"ENSG00000130147","ENSP00000375867.2","S246","FRSKRSYSLSELSVL","1","Q9P0V3","SH3BP4",0.452353786567592,1.60494185941162e-12,1.38427929303881e-11
"ENSG00000110321","ENSP00000433664.1","T508","AQPPRTQTPPLGQTP","1","D3DQV9","EIF4G2",0.439522050912839,9.75368735210145e-09,5.69336664581236e-08
"ENSG00000187840","ENSP00000340691.4","T70","RNSPVTKTPPRDLPT","1","Q13541","EIF4EBP1",0.37018622233607,7.40881731724374e-09,4.37378552662174e-08
"ENSG00000179295","ENSP00000340944.3","Y542","SKRKGHEYTNIKYSL","1",NA,"PTPN11",-2.34966338704469,6.13207749850981e-30,7.36931431144444e-28
"ENSG00000179295","ENSP00000340944.3","Y580","REDSARVYENVGLMQ","1",NA,"PTPN11",-1.5370796342607,4.98273597673841e-26,2.28586742525672e-24
"ENSG00000135486","ENSP00000341826.7","S6","__MSKSESPKEPEQL","1","P09651","HNRNPA1",0.560708303931989,1.55063452631789e-26,7.72669838357916e-25
"ENSG00000113657","ENSP00000381526.3","S518","KGGTPAGSARGSPTR","1","Q14195","DPYSL3",1.06704627418671,4.07228586076926e-13,3.7296832099006e-12
"ENSG00000113657","ENSP00000381526.3","S522","PAGSARGSPTRPNPP","1","Q14195","DPYSL3",0.76755997253322,0.0154202436761936,0.0379683780349226
"ENSG00000033327","ENSP00000354952.4","T391","ATIPRRNTLPAMDNS","1","Q9UQC2","GAB2",-0.174361155592479,5.05088743681093e-06,2.18436982078847e-05
"ENSG00000103197","ENSP00000219476.3","S1130","GARDRVRSMSGGHGL","1","H3BQK4","TSC2",0.196339805802179,0.0129539743633465,0.032512247695721
"ENSG00000168036","ENSP00000344456.5","S191","SRHAIMRSPQMVSAI","1","C9IZ65","CTNNB1",-0.720276102292825,1.43340230859149e-24,5.18614093822741e-23
"ENSG00000168036","ENSP00000344456.5","S552","QDTQRRTSMGGTQQQ","1","C9IZ65","CTNNB1",-0.45575939490136,1.05239548593802e-10,7.56170214925454e-10
"ENSG00000168036","ENSP00000344456.5","S675","QDYKKRLSVELTSSL","1","C9IZ65","CTNNB1",-0.493620447792278,4.21132542753387e-17,5.77690544882612e-16
"ENSG00000122545","ENSP00000344868.7","T228","KIYEFPETDDEEENK","1","A0A0U1RRD1","SEPT7",-0.497988475880568,1.22465964374644e-21,2.84315869565224e-20
"ENSG00000130816","ENSP00000345739.3","S127","VGMADANSPPKPLSK","1",NA,"DNMT1",1.13806079871982,5.15418228952731e-23,1.4411488710088e-21
"ENSG00000130816","ENSP00000345739.3","S714","DNIPEMPSPKKMHQG","1",NA,"DNMT1",0.880610644974102,2.30454571689838e-20,4.57401577035952e-19
"ENSG00000099942","ENSP00000346300.3","Y207","IPEPAHAYAQPQTTT","1","P46109","CRKL",-1.04257749482634,2.096354383673e-22,5.4259104803766e-21
"ENSG00000198648","ENSP00000348278.4","T354","IEKLLTRTPDIAQRA","1",NA,"STK39",0.799757006725688,1.2521557741377e-20,2.54965539524584e-19
"ENSG00000145907","ENSP00000348578.3","S149","VTEPQEESEEEVEEP","1","E5RIF8","G3BP1",0.798694616142484,3.59270528943901e-08,1.97275791464628e-07
"ENSG00000144674","ENSP00000354486.2","S71","KLQLRVPSVESLFRS","1","Q13439","GOLGA4",-0.832418772948834,6.0184482736616e-10,3.98520629529732e-09
"ENSG00000197081","ENSP00000349437.1","S2484","LVSFHDDSDEDLLHI","1","P11717","IGF2R",0.298106786161355,1.02772283054606e-07,5.3416835383453e-07
"ENSG00000116560","ENSP00000349748.5","T687","PRGMGPGTPAGYGRG","1",NA,"SFPQ",1.02377061564204,1.27139545522256e-24,4.63280781513618e-23
"ENSG00000117632","ENSP00000387858.2","S16","KELEKRASGQAFELI","1",NA,"STMN1",-0.723941333333673,5.87627573419548e-19,9.75506337347889e-18
"ENSG00000117632","ENSP00000387858.2","S25","QAFELILSPRSKESV","1",NA,"STMN1",-0.394759385129152,4.20716701512128e-08,2.29002900849719e-07
"ENSG00000196730","ENSP00000386135.3","S289","QALSRKASAVNMEKF","1","P53355","DAPK1",-0.618475065099606,1.84960595111762e-10,1.29320498224959e-09
"ENSG00000197122","ENSP00000362680.2","S17","DASQRRRSLEPAENV","1",NA,"SRC",-0.246676361399373,5.3969440557325e-06,2.32582408364397e-05
"ENSG00000149115","ENSP00000350990.3","S691","WLDDLLASPPPSGGG","1","E9PKK0","TNKS1BP1",-0.406889608387278,1.9223386074385e-09,1.20717349641297e-08
"ENSG00000130669","ENSP00000469413.1","S474","KEVPRRKSLVGTPYW","1","M0R0L9","PAK4",-0.389845887233694,6.91152663317551e-13,6.17323618984737e-12
"ENSG00000108946","ENSP00000464977.2","S83","DSREDEISPPPPNPV","1","K7EK41","PRKAR1A",-0.361421280941492,2.64382288538666e-12,2.22888452056875e-11
"ENSG00000197442","ENSP00000351908.4","S966","NEYLRSISLPVPVLV","1","Q99683","MAP3K5",0.372344428947489,3.34270453721069e-06,1.47710426161242e-05
"ENSG00000172572","ENSP00000351957.3","S312","SKSHRRTSLPCIPRE","1","Q14432","PDE3A",-0.552843436180673,2.18914361320508e-13,2.05471075119968e-12
"ENSG00000196419","ENSP00000352257.4","T455","FTEKIMATPEQVGKM","1","P12956","XRCC6",1.1441381276659,1.43872024441487e-26,7.20418004740092e-25
"ENSG00000130311","ENSP00000352928.3","S33","KASNRRPSVYLPTRE","1","Q9BW61","DDA1",-0.693417463876905,4.40614590539067e-12,3.62681550552504e-11
"ENSG00000137486","ENSP00000409581.2","S412","EEEDGTGSPQLNNR_","1","P49407","ARRB1",-0.839976060595564,6.73331968698312e-24,2.195133849017e-22
"ENSG00000168385","ENSP00000375832.2","S218","YHLPDAESDEDEDFK","1",NA,"SEPT2",-0.490843397687264,1.53629560397777e-16,1.98397719274753e-15
"ENSG00000196924","ENSP00000358866.3","S1459","KCSGPGLSPGMVRAN","1","F8WE98","FLNA",-0.460978498092885,2.66982066081017e-15,3.057423548226e-14
"ENSG00000196924","ENSP00000358866.3","S1630","GGDEIPFSPYRVRAV","1","F8WE98","FLNA",-0.4277082409514,3.74381387705153e-09,2.27818062474671e-08
"ENSG00000196924","ENSP00000358866.3","S2152","TRRRRAPSVANVGSH","1","F8WE98","FLNA",-0.810096268443619,1.18247613082029e-22,3.15928343757521e-21
"ENSG00000133026","ENSP00000269243.4","S1956","EGASLELSDDDTESK","1","P35580","MYH10",-1.01782373551027,1.22717402965023e-31,2.59356883714699e-29
"ENSG00000171368","ENSP00000353785.5","S32","DRAAKRLSLESEGAG","1","O94811","TPPP",-1.03566855744908,2.5427299069129e-30,3.43268537433241e-28
"ENSG00000171368","ENSP00000353785.5","T14","PAKAANRTPPKSPGD","1","O94811","TPPP",-1.34750890197961,2.06071533764204e-28,1.61924670569334e-26
"ENSG00000140682","ENSP00000378332.3","Y60","SGDKDHLYSTVCKPR","1","H3BSN4","TGFB1I1",-1.51164404508576,7.31023956088721e-25,2.80027864179236e-23
"ENSG00000123836","ENSP00000356047.3","S466","PVRMRRNSFTPLSSS","1","F6RAZ1","PFKFB2",0.245535601088527,0.0098078867692328,0.0253212038789502
"ENSG00000123836","ENSP00000356047.3","S483","IRRPRNYSVGSRPLK","1","F6RAZ1","PFKFB2",-0.18757665562666,0.0160214411984875,0.039263615787679
"ENSG00000135842","ENSP00000356481.3","S602","ASPARRASAILPGVL","1","H0Y7M9","FAM129A",-0.488328031854998,6.25680347754337e-15,6.86009812412581e-14
"ENSG00000198771","ENSP00000356828.3","S179","RRFRRSQSDCGELGD","1","Q6JBY9","RCSD1",-0.485902111969796,3.50573028123847e-14,3.57752595632877e-13
"ENSG00000198771","ENSP00000356828.3","S68","GQNGEEKSPPNASHP","1","Q6JBY9","RCSD1",-0.480015476496234,1.68551738169172e-17,2.41254928360312e-16
"ENSG00000162734","ENSP00000353660.5","S116","KDIIRQPSEEEIIKL","1","Q15121","PEA15",-0.318340850937041,1.26937726386371e-12,1.1076328659198e-11
"ENSG00000158710","ENSP00000357077.5","S163","KENPRNFSDNQLQEG","1","P37802","TAGLN2",0.852197195388435,2.55641430887128e-09,1.58041792405407e-08
"ENSG00000160789","ENSP00000357283.4","S390","EEERLRLSPSPTSQR","1",NA,"LMNA",-0.241682984368516,1.36793131068693e-06,6.35155379030317e-06
"ENSG00000160789","ENSP00000357283.4","S392","ERLRLSPSPTSQRSR","1",NA,"LMNA",-0.312957102616881,0.000540155928592946,0.00176171545676148
"ENSG00000196591","ENSP00000430432.1","S394","EDAVHEDSGDEDGED","1","Q92769","HDAC2",0.301471251937411,1.47647341121789e-14,1.56454106800733e-13
"ENSG00000160741","ENSP00000357622.1","S433","HHRRVPLSPLSLLAG","1","J3KNE6","CRTC2",-0.372282487236092,3.34270453721069e-06,1.47710426161242e-05
"ENSG00000143553","ENSP00000357674.5","S133","SGIYPPGSPGK____","1","O95295","SNAPIN",0.189390085382797,9.85611977706569e-05,0.000360344536588139
"ENSG00000163220","ENSP00000357727.3","T113","KPGLGEGTP______","1","P06702","S100A9",-0.38500003639097,0.000641148148526588,0.00206451455412391
"ENSG00000077150","ENSP00000499294.1","S222","QPIHDSKSPGASNLK","1",NA,"NFKB2",0.644819131222004,1.68589073904235e-06,7.74690683729987e-06
"ENSG00000107862","ENSP00000359000.3","T1337","GKIHRSATDADVVNS","1","Q92538","GBF1",0.886341559434314,1.00538090058473e-23,3.15675181336261e-22
"ENSG00000085832","ENSP00000360798.3","S796","RSINKLDSPDPFKLN","1","B1AUU8","EPS15",-0.281048067278853,2.39083620032803e-10,1.65164957978026e-09
"ENSG00000102144","ENSP00000362413.4","S203","YFAKALESPERPFLA","1",NA,"PGK1",1.24281205833865,8.00471597930395e-31,1.23891172316045e-28
"ENSG00000096063","ENSP00000362931.2","S51","QEEEILGSDDDEQED","1","Q96SB4","SRPK1",3.16768246790934,5.0849936030409e-32,1.29126046858545e-29
"ENSG00000180198","ENSP00000362939.5","S11","KRIAKRRSPPADAIP","1","C9JRH2","RCC1",0.894264434966477,1.14881936416748e-26,5.89708030400544e-25
"ENSG00000076864","ENSP00000363897.4","S484","SLIVPGKSPTRKKSG","1","X6R8W7","RAP1GAP",0.597381842333398,0.000554295345760478,0.00180360807717454
"ENSG00000148498","ENSP00000363921.3","S144","PLHVRRSSDPALIGL","1","Q8TEW0","PARD3",-0.26666040869538,3.34270453721069e-06,1.47710426161242e-05
"ENSG00000148498","ENSP00000363921.3","S827","REGFGRQSMSEKRTK","1","Q8TEW0","PARD3",-0.38213207855626,4.67215034183423e-08,2.52964747748251e-07
"ENSG00000136937","ENSP00000364289.3","S7","_MSRRRHSDENDGGQ","1","Q09161","NCBP1",0.585667487645868,4.03612951942408e-10,2.72378747242349e-09
"ENSG00000204356","ENSP00000364578.3","S251","GPFRRSDSFPERRAP","1","P18615","NELFE",0.537931051787833,1.14393314822994e-18,1.8392356415271e-17
"ENSG00000058453","ENSP00000364691.4","S1460","APRPVPGSPARDAPA","1",NA,"CROCC",-1.02726624031413,1.19552866288524e-28,1.02624582280443e-26
"ENSG00000172531","ENSP00000365936.4","T320","NPGGRPITPPRNSAK","1","P62136","PPP1CA",0.224868418208541,5.83314069740787e-05,0.000220768922652914
"ENSG00000087206","ENSP00000421926.1","S677","TRRDLNESPVKSFVS","1","Q96RL1","UIMC1",0.171202653172301,0.000269061949820207,0.000920759737826941
"ENSG00000168066","ENSP00000366607.3","S80","PPNPEDRSPSPEPIY","1","Q15637","SF1",0.264480970816372,1.01468614559241e-07,5.27840042975378e-07
"ENSG00000116285","ENSP00000366702.5","S251","RRLRRSHSGPAGSFN","1","K7ENI4","ERRFI1",0.983724822885666,3.47795267232386e-20,6.72865275526293e-19
"ENSG00000124942","ENSP00000367263.4","T158","ITVTRRVTAYTVDVT","1","E9PJC6","AHNAK",-1.02587142340926,2.41507973723255e-17,3.38254655153069e-16
"ENSG00000157933","ENSP00000367797.4","S383","LSAFRPWSPAVSASE","1","P12755","SKI",-0.84608534167819,5.79864139413068e-16,7.07401932815027e-15
"ENSG00000177189","ENSP00000368884.3","S386","HQLFRGFSFVAITSD","1","P51812","RPS6KA3",-0.141896649779341,0.0198325935533259,0.0474931491319586
"ENSG00000134453","ENSP00000369218.4","S222","EEQDRPRSPTGPSNS","1","Q96I25","RBM17",0.34491655145823,1.78985668296496e-17,2.55473488819103e-16
"ENSG00000134453","ENSP00000369218.4","T71","DDRQIVDTPPHVAAG","1","Q96I25","RBM17",0.505586679540873,4.70425607866788e-20,8.92643514122459e-19
"ENSG00000120159","ENSP00000369431.3","S203","EGDNGMDSDMEEEAD","1","Q9H8G2","CAAP1",0.472766219126822,9.36818680699824e-24,2.96915564950374e-22
"ENSG00000169957","ENSP00000369777.5","S139","SPGYEPRSPGYESES","1","Q9H5H4","ZNF768",0.848784877236135,1.66334018107705e-10,1.16912339981055e-09
"ENSG00000205581","ENSP00000370125.5","S7","_MPKRKVSSAEGAAK","1","H7BXJ5","HMGN1",-0.666484221356232,2.86349225405799e-09,1.76243663638496e-08
"ENSG00000205581","ENSP00000370125.5","S89","KTEESPASDEAGEKE","1","H7BXJ5","HMGN1",0.406937483757542,9.30198318988786e-14,9.06388791269041e-13
"ENSG00000087470","ENSP00000450399.1","S616","PIPIMPASPQKGHAV","1","O00429","DNM1L",0.349231792084797,3.88820292463236e-08,2.12471431214976e-07
"ENSG00000087470","ENSP00000449089.1","S629","PIPIMPASPQKGHAV","2","O00429","DNM1L",0.349231792084797,3.88820292463236e-08,2.12471431214976e-07
"ENSG00000170364","ENSP00000373354.3","S508","LYDNRRRSAQWLDQE","1","Q53H47","SETMAR",-0.818257437175387,3.33552708920633e-19,5.70090505570151e-18
"ENSG00000111057","ENSP00000373487.3","S53","ISVSRSTSFRGGMGS","1","F8VZY9","KRT18",1.02552835728126,2.1002774074648e-17,2.97014310806456e-16
"ENSG00000105619","ENSP00000375639.1","S180","PAPPEPGSPAPGEGP","1","P0C1Z6","TFPT",0.167945065654344,7.37821028075032e-05,0.000275067219043301
"ENSG00000113758","ENSP00000308532.5","S142","NGLARLSSPVLHRLR","1","Q16643","DBN1",0.561774925204485,1.09110327945387e-12,9.58350816820403e-12
"ENSG00000137497","ENSP00000377298.4","S2047","KQADRRQSMAFSILN","1",NA,"NUMA1",0.557322812159342,1.38396784022411e-06,6.42212211745424e-06
"ENSG00000137497","ENSP00000377298.4","T2015","SCFPRPMTPRDRHEG","1",NA,"NUMA1",0.33272261960818,9.61292543245481e-06,4.02168054440379e-05
"ENSG00000137497","ENSP00000377298.4","T2055","MAFSILNTPKKLGNS","1",NA,"NUMA1",1.47708657869678,1.32490641783318e-17,1.91247089846904e-16
"ENSG00000100239","ENSP00000216061.5","S289","GTEGLVDSFSQGLER","1","O75170","PPP6R2",-0.375317445725091,3.33764688816707e-15,3.77982959674353e-14
"ENSG00000106052","ENSP00000379612.2","S666","RPPVRVPSWGLEDNV","1","C9J7J4","TAX1BP1",0.205437933035988,0.000129826772931696,0.000466636342539505
"ENSG00000139083","ENSP00000379658.3","S213","DNMIRRLSPAERAQG","1","P41212","ETV6",0.547761814689913,2.77598374216988e-18,4.30734287487574e-17
"ENSG00000221978","ENSP00000383611.3","S369","AKKAKADSPVNGLPK","1",NA,"CCNL2",0.499958258096378,6.64770491015782e-23,1.8270754885362e-21
"ENSG00000115977","ENSP00000386456.3","T389","LPIQPALTPRKRATV","1","A0A096LP25","AAK1",0.64013065255897,3.0302161018045e-09,1.85796263384952e-08
"ENSG00000160584","ENSP00000364449.1","T221","TPGQLLKTWCGSPPY","1",NA,"SIK3",-0.813086273425629,1.13243810904312e-19,2.05225108525289e-18
"ENSG00000122786","ENSP00000354826.2","S759","KTPDGNKSPAPKPSD","1","Q05682","CALD1",-0.363061326140659,0.000364589945809349,0.00122415458412704
"ENSG00000140396","ENSP00000399968.2","S493","LSPRHRMSPGVAGSP","1","Q15596","NCOA2",0.594069238040774,6.17359829768565e-25,2.39784435782733e-23
"ENSG00000140396","ENSP00000399968.2","S736","TIKQEPVSPKKKENA","1","Q15596","NCOA2",0.46445402843284,2.72164337582119e-17,3.79803102240621e-16
"ENSG00000099814","ENSP00000404151.2","S655","QGLPVPGSPGGQKWV","1","Q9Y4F5","CEP170B",0.658569850755637,5.87627573419548e-19,9.75506337347889e-18
"ENSG00000047849","ENSP00000353375.6","S696","PNKELPPSPEKKTKP","1","H7C4C5","MAP4",0.833875057391158,9.97988321290416e-14,9.67521420624637e-13
"ENSG00000154229","ENSP00000408695.3","S226","LNPQWNESFTFKLKP","1","J3KRN5","PRKCA",-0.828126217590157,4.50254206185258e-24,1.50798252989587e-22
"ENSG00000131747","ENSP00000411532.1","S1213","QMAEVLPSPRGQRVI","1","P11388","TOP2A",0.482034316364533,1.97811317189073e-09,1.23940458296037e-08
"ENSG00000131747","ENSP00000411532.1","S1247","KNENTEGSPQEDGVE","1","P11388","TOP2A",2.33126898122988,8.15906096232352e-26,3.62894663556465e-24
"ENSG00000065882","ENSP00000261439.4","S237","RPMRKSFSQPGLRSL","1","Q86TI0","TBC1D1",-0.313537985535152,1.30555407348952e-06,6.07850267123765e-06
"ENSG00000145675","ENSP00000428056.1","Y580","LRKTRDQYLMWLTQK","1","P27986","PIK3R1",-0.10635401320021,0.00528494750704591,0.0144703608448018
"ENSG00000105339","ENSP00000262585.2","S472","THRRMVVSMPNLQDI","1","E5RJ42","DENND3",-0.78420914746177,4.20413403418923e-32,1.15031863819401e-29
"ENSG00000136153","ENSP00000366757.4","S1458","GIMRRGESLDNLDSP","1","Q8WWI1","LMO7",-0.602321409184487,1.29825375167412e-13,1.24211633531231e-12
"ENSG00000185122","ENSP00000431512.1","S303","RVKEEPPSPPQSPRV","1","E9PMQ6","HSF1",0.407749052094669,1.94788469619492e-08,1.09770000946843e-07
"ENSG00000188486","ENSP00000434024.1","S140","GKKATQASQEY____","1","P16104","H2AFX",0.398308365603604,2.60640868012191e-06,1.16944939974138e-05
"ENSG00000029363","ENSP00000435210.1","S531","KSTFREESPLRIKMI","1","Q9NYF8","BCLAF1",0.513400228888731,1.56024996480752e-18,2.47740208142625e-17
"ENSG00000117676","ENSP00000363283.2","S363","TSRTPKDSPGIPPSA","1","E9PPC1","RPS6KA1",-0.62183909705616,5.74181676743071e-25,2.23865107936278e-23
"ENSG00000092199","ENSP00000451291.1","S260","SEGGADDSAEEGDLL","1","B4DY08","HNRNPC",0.499676290913264,3.19658581019047e-28,2.38343971175881e-26
"ENSG00000205659","ENSP00000501511.1","S28","FEKLDRASPDLWPEQ","1","Q52LA3","LIN52",0.130908158189264,0.000434740141769555,0.00144184108707013
"ENSG00000104852","ENSP00000472998.1","S226","YDERPGPSPLPHRDR","1","P08621","SNRNP70",1.3876886981202,4.58281208697406e-28,3.21426516626472e-26
"ENSG00000277443","ENSP00000478061.1","S170","SFKLSGFSFKKNKKE","1","P29966","MARCKS",-1.07421517648846,1.41684564284504e-13,1.35220288772925e-12
"ENSG00000277443","ENSP00000478061.1","S46","VKVNGDASPAAAESG","1","P29966","MARCKS",-0.316103985769416,1.02527326876102e-05,4.27476181240564e-05
"ENSG00000273559","ENSP00000478070.1","S337","PGYTRKLSAEELERK","1","Q9NXE8","CWC25",-0.197559373892506,0.00409978250409305,0.0114926669262652
"ENSG00000278540","ENSP00000478547.1","S80","LHIRSSMSGLHLVKQ","1","Q13085","ACACA",0.823716609337485,1.62579733969625e-19,2.89834551919672e-18
"ENSG00000278053","ENSP00000479504.1","S22","KFDTRRFSADAARFQ","1","A0A087X121","DDX52",0.230473377359804,0.00974210146491029,0.0251704493206455
"ENSG00000060069","ENSP00000484525.2","S740","TKAQRENSPAAFPDR","1","Q9Y5B0","CTDP1",-0.200141527368867,9.5067136096378e-07,4.48895591012867e-06
"ENSG00000153187","ENSP00000491215.1","S59","AMEPGNGSLDLGGDS","1",NA,"HNRNPU",0.514146146774078,1.91047525190236e-24,6.73722831928055e-23
"ENSG00000101347","ENSP00000493536.2","T592","DVIAPLITPQKKEWN","1","Q9Y3Z3","SAMHD1",0.719464031931409,1.21482234992101e-15,1.43835066652304e-14
"ENSG00000157764","ENSP00000493543.1","T401","STTGLSATPPASLPG","1","H7C560","BRAF",0.32565004762824,5.98141646426289e-14,5.93589726513395e-13
"ENSG00000109756","ENSP00000264431.4","S960","KKRVRRSSFLNAKKL","1","H0Y905","RAPGEF2",-0.547673370465397,1.07062784670573e-13,1.03401797548998e-12
"ENSG00000111276","ENSP00000228872.4","S10","NVRVSNGSPSLERMD","1",NA,"CDKN1B",-0.828654023114886,2.27732817598988e-20,4.52879441617196e-19
"ENSG00000157500","ENSP00000288266.3","S410","SFQQRHESLRPAAGQ","1","Q9UKG1","APPL1",0.426827309768797,3.75985058815982e-06,1.65261935275614e-05
"ENSG00000166592","ENSP00000299759.6","S273","AGTRRRESLGKKAKR","1","P55042","RRAD",-1.20254319717838,9.88596321232054e-14,9.59630480334377e-13
"ENSG00000167323","ENSP00000300737.4","S575","LVEKLPDSPALAKKA","1","E9PRZ7","STIM1",-1.17442179513002,6.47123069495385e-11,4.73295619682245e-10
"ENSG00000110931","ENSP00000384600.3","S511","RREERSLSAPGNLLT","1","Q96RR4","CAMKK2",-0.41292130551896,4.70734761497869e-13,4.28570016818247e-12
"ENSG00000198900","ENSP00000354522.2","S394","SKDAKVPSPPPGHKW","1","P11387","TOP1",0.326363390454642,0.00919778753006905,0.0239275211255489
"ENSG00000170312","ENSP00000378699.3","T161","GIPIRVYTHEVVTLW","1","E5RIU6","CDK1",2.04476356117218,1.02936148506748e-13,9.95731777458744e-13
"ENSG00000127663","ENSP00000159111.3","S566","PTWKEPVSPMELTGP","1","K7ES23","KDM4B",0.559992790404955,1.12681106118495e-12,9.88297795363844e-12
"ENSG00000091651","ENSP00000219097.2","T195","REPGDVATPPRKRKK","1","H3BMA4","ORC6",1.66577358290523,1.13907628679982e-21,2.65250705235415e-20
"ENSG00000113441","ENSP00000231368.5","S80","SAKLLGMSFMNRSSG","1",NA,"LNPEP",-0.514213891583509,3.83920461134712e-18,5.86502618717509e-17
"ENSG00000084764","ENSP00000233121.2","S176","MQTSGRLSNVAPPCI","1","Q9UPY8","MAPRE3",-0.29560680272574,6.80936345780097e-07,3.26510629266642e-06
"ENSG00000134308","ENSP00000238081.3","S232","LTLWTSDSAGEECDA","1","P27348","YWHAQ",0.291146508043813,0.00437677656798627,0.0121999561511678
"ENSG00000121067","ENSP00000425905.1","S6","__MSRVPSPPPPAEM","1","O43791","SPOP",0.207828131232233,7.66708277686461e-05,0.00028528138865592
"ENSG00000079435","ENSP00000244289.3","S855","EPMRRSVSEAALAQP","1","Q05469","LIPE",-0.309764909203238,3.46866631083657e-05,0.000135203865550225
"ENSG00000033800","ENSP00000249636.6","S510","SPVSRTPSLPAVDTS","1","O75925","PIAS1",0.0793269679971011,0.00513355833453621,0.014105433081849
"ENSG00000109805","ENSP00000251496.2","S973","CQTAEADSESDHEVP","1","Q9BPX3","NCAPG",1.46901683395779,4.52557128815402e-22,1.11394483634924e-20
"ENSG00000102098","ENSP00000251900.4","S511","VPYVVPLSPKLPKTK","1","H0Y6S1","SCML2",-0.107601604186154,0.0109133802937974,0.0278839869187445
"ENSG00000130726","ENSP00000253024.4","S473","SGVKRSRSGEGEVSG","1","M0R2I3","TRIM28",0.87757326687997,1.71092605924626e-11,1.32737541988865e-10
"ENSG00000131023","ENSP00000437550.1","S464","NIPVRSNSFNNPLGN","1","O95835","LATS1",0.0742122148957733,0.000746422497778207,0.00237738832545786
"ENSG00000069956","ENSP00000261845.5","S189","YSHKGHLSEGLVTKW","1",NA,"MAPK6",1.13236379980299,2.09175422439338e-19,3.6671514992297e-18
"ENSG00000103479","ENSP00000262133.6","S1080","IFYYFSNSPSKRLRE","1","J3KSF7","RBL2",1.88950430270578,1.69520155847378e-25,7.18526303726544e-24
"ENSG00000129474","ENSP00000262713.2","S119","EPTAPALSPRSSFAS","1","Q96IF1","AJUBA",-0.329825257856058,2.57525796343867e-06,1.15614972589479e-05
"ENSG00000109458","ENSP00000262994.4","S454","YVPMNPNSPPRQHSS","1","Q13480","GAB1",-0.542391220558766,2.60988946862242e-21,5.79565672216913e-20
"ENSG00000103319","ENSP00000263026.5","T353","AKTILRGTEEKCGSP","1","O00418","EEF2K",2.59548849104523,9.09076001491812e-27,4.79494562232643e-25
"ENSG00000104812","ENSP00000317904.3","S653","PSLSRHSSPHQSEDE","1","P13807","GYS1",0.270117538742767,7.02410059041887e-05,0.000262792775721385
"ENSG00000082701","ENSP00000264235.9","S9","SGRPRTTSFAESCKP","1","P49841","GSK3B",-0.319408347157957,4.41868100365113e-06,1.92508500649543e-05
"ENSG00000071242","ENSP00000265678.4","S218","DHDKRAYSFCGTIEY","1","Q15349","RPS6KA2",0.0208936974636309,5.68643482850641e-09,3.39226776950708e-08
"ENSG00000140259","ENSP00000267812.3","S116","EPEVVGESDSEVEGD","1","P55081","MFAP1",0.540497882169042,1.18449418185957e-11,9.32891909614149e-11
"ENSG00000141522","ENSP00000269321.7","S34","YKPPAQKSIQEIQEL","1",NA,"ARHGDIA",0.35927250489501,0.000305016681631358,0.00103570484305739
"ENSG00000187244","ENSP00000270233.5","S621","SGGARGGSGGFGDEC","1","A0A087WXM8","BCAM",-1.20867203732669,7.91036039415117e-24,2.54635498191978e-22
"ENSG00000149557","ENSP00000278919.3","S58","SEIISFKSMEDLVNE","1",NA,"FEZ1",-1.01053978496682,3.29753167679104e-22,8.24921291716419e-21
"ENSG00000155792","ENSP00000286234.5","S265","STSFMSVSPSKEIKI","1","Q8TB45","DEPTOR",0.611155027245729,3.22362937284013e-10,2.19675610697545e-09
"ENSG00000170421","ENSP00000447566.1","S432","SAYGGLTSPGLSYSL","1","P05787","KRT8",1.64769457846922,6.88455724836116e-13,6.15094043370343e-12
"ENSG00000165458","ENSP00000298229.2","Y986","NSFNNPAYYVLEGVP","1","F5GYK9","INPPL1",-0.729273269832756,2.17341270062103e-23,6.45389847001275e-22
"ENSG00000165795","ENSP00000451712.1","T330","TRLSRSRTASLTSAA","1","Q9UN36","NDRG2",-0.485577964830146,3.308634497183e-13,3.06138599535547e-12
"ENSG00000166889","ENSP00000300146.9","S179","ALPRRSTSPIIGSPP","1","Q86TB9","PATL1",0.459550711957213,3.43785526155835e-14,3.51528443411597e-13
"ENSG00000167978","ENSP00000301740.8","T1413","VLDAVPRTPSRERSS","1","Q9UQ35","SRRM2",0.434974503623838,1.22317669746513e-11,9.61874516135971e-11
"ENSG00000085733","ENSP00000301843.8","S261","EKLQLHESQKDYKTG","1","Q14247","CTTN",-0.216195968347833,0.000765633792214078,0.00243415785479826
"ENSG00000085733","ENSP00000301843.8","S418","TEERLPSSPVYEDAA","1","Q14247","CTTN",-0.830827757951806,1.65581011070588e-08,9.41765049045691e-08
"ENSG00000085733","ENSP00000301843.8","T401","QARAKTQTPPVSPAP","1","Q14247","CTTN",1.21126880478486,2.99408803619071e-17,4.15754443522146e-16
"ENSG00000172349","ENSP00000302935.4","S845","SIRQRISSFETFGSS","1",NA,"IL16",-0.937916836323833,4.42940803488676e-16,5.47100156093039e-15
"ENSG00000083799","ENSP00000392025.3","S418","TTENRFHSLPFSLTK","1","H3BTB8","CYLD",0.498802870675277,7.17114868342605e-10,4.70577840264649e-09
"ENSG00000172613","ENSP00000311360.2","S328","VLPSISLSPGPQPPK","1",NA,"RAD9A",0.872694258299148,4.36986176512346e-23,1.23765631970618e-21
"ENSG00000110713","ENSP00000352091.5","S839","TSRCLIKSPDRLADI","1","H0YCT1","NUP98",1.44081761422609,5.41624134205438e-22,1.32045120069417e-20
"ENSG00000110713","ENSP00000352091.5","T670","IAKPIPQTPESAGNK","1","H0YCT1","NUP98",0.57307495446252,2.75337007470536e-08,1.52801568162524e-07
"ENSG00000115053","ENSP00000318195.4","T121","PGKALVATPGKKGAA","1","P19338","NCL",3.14834711920766,7.38324503014323e-22,1.76214598090918e-20
"ENSG00000115053","ENSP00000318195.4","T76","TKKVAVATPAKKAAV","1","P19338","NCL",2.63592356653309,4.25879769186847e-19,7.18672110502804e-18
"ENSG00000119408","ENSP00000319734.5","S206","SETTAAHSLVGTPYY","1","Q9HC98","NEK6",-0.15980437709559,0.0139104776422573,0.034651811684846
"ENSG00000179151","ENSP00000320503.4","S161","SFRRRHNSWSSSSRH","1","Q96F86","EDC3",0.380620237554464,2.70292207432497e-09,1.6672916056298e-08
"ENSG00000020922","ENSP00000325863.4","S689","KGVDFESSEDDDDDP","1","P49959","MRE11A",0.836827640942115,2.47724021042411e-19,4.30113463164005e-18
"ENSG00000185811","ENSP00000331614.3","S63","NVKVETQSDEENGRA","1",NA,"IKZF1",0.367809461716124,0.000374246482229037,0.00125437858994956
"ENSG00000184304","ENSP00000333568.6","S205","GVRRRRLSNVSLTGV","1","Q15139","PRKD1",-0.206190141941743,0.000318959028647237,0.00107919073830513
"ENSG00000067225","ENSP00000334983.5","S202","TEVENGGSLGSKKGV","1",NA,"PKM",0.459945403681505,5.25559426860873e-13,4.75798187183204e-12
"ENSG00000204673","ENSP00000375709.1","T246","LPRPRLNTSDFQKLK","1","Q96B36","AKT1S1",-1.2074657357041,1.37632709308671e-17,1.98295927445427e-16
"ENSG00000115241","ENSP00000342778.4","S183","GTGEEPGSQGLNGEA","1","O15355","PPM1G",0.899097765747911,5.87355734887093e-17,7.94680639983001e-16
"ENSG00000186575","ENSP00000344666.5","S518","DTDMKRLSMEIEKEK","1","P35240","NF2",-0.770764262151815,9.32321151117896e-20,1.70065367119095e-18
"ENSG00000108312","ENSP00000390669.1","S484","ERGKLPESPKRAEEI","1","P17480","UBTF",1.60980407472304,4.38033090897651e-25,1.73879845473556e-23
"ENSG00000134602","ENSP00000377867.2","T178","DTQIKRNTFVGTPFW","1","Q9P289","STK26",-0.420844382555671,2.57714482392991e-08,1.43515542666422e-07
"ENSG00000198382","ENSP00000348455.3","S550","KITSLSSSLDTSLDF","1","Q9P2Y5","UVRAG",-0.806273203400959,6.55825945295376e-13,5.86968051798388e-12
"ENSG00000197535","ENSP00000382177.3","S1652","GLRKRTSSIADEGTY","1","Q9Y4I1","MYO5A",-0.162290990718258,0.000190179369841943,0.000665302144840907
"ENSG00000004487","ENSP00000349049.3","S131","DESLANLSEDEYYSE","1","O60341","KDM1A",0.981766723176452,8.22796372932611e-21,1.71761545289645e-19
"ENSG00000065534","ENSP00000353452.3","S1779","SSTGSPTSPLNAEKL","1","Q15746","MYLK",-1.40506093712906,4.07595169469652e-23,1.1640963623856e-21
"ENSG00000133026","ENSP00000269243.4","S1975","NETQPPQSE______","1","P35580","MYH10",-0.234285196641412,1.28184883405904e-10,9.10998551014361e-10
"ENSG00000197958","ENSP00000354739.5","S38","KIGPLGLSPKKVGDD","1","P30050","RPL12",1.52943229382841,4.79461208313891e-23,1.34683310213325e-21
"ENSG00000163348","ENSP00000357442.2","S48","PEKKRRKSNTQGPAY","1","Q9BRQ0","PYGO2",0.413793837456634,0.00575562793905754,0.015639405762761
"ENSG00000065243","ENSP00000359552.3","T816","GYGDRTSTFCGTPEF","1","B1AL79","PKN2",-0.0533686651884153,2.24063088694427e-11,1.71446026293151e-10
"ENSG00000101096","ENSP00000379330.3","S217","AHYSPRTSPIMSPRT","1","Q13469","NFATC2",0.743487568121839,3.57702105978686e-10,2.42893442005691e-09
"ENSG00000116478","ENSP00000362649.3","S421","IACEEEFSDSEEEGE","1","Q13547","HDAC1",1.2231594510414,1.89812806645174e-16,2.42771847230441e-15
"ENSG00000147162","ENSP00000362824.3","S20","EPTKRMLSFQGLAEL","1","O15294","OGT",0.468487091326832,2.13338092279572e-07,1.07228896800188e-06
"ENSG00000148498","ENSP00000363921.3","S873","VDDQKAGSPSRDVGP","1","Q8TEW0","PARD3",0.511901722621488,2.05574909010717e-07,1.03428715919117e-06
"ENSG00000136937","ENSP00000364289.3","S22","PHKRRKTSDANETED","1","Q09161","NCBP1",0.608796634186199,1.00388711875892e-15,1.19844646491496e-14
"ENSG00000198176","ENSP00000364519.4","S23","VFIDQNLSPGKGVVS","1",NA,"TFDP1",0.826324763138373,5.32697498028595e-17,7.22643418640384e-16
"ENSG00000015285","ENSP00000365891.4","S484","RSRAIHSSDEGEDQA","1","C9J3B7","WAS",1.29588389900766,2.07801567003126e-08,1.16781203389158e-07
"ENSG00000131828","ENSP00000394382.2","S232","NRYGMGTSVERAAAS","1","Q5JPU1","PDHA1",1.29685449980474,7.2553375500014e-08,3.83476749258008e-07
"ENSG00000075618","ENSP00000371798.3","S39","KVNASASSLKKKQIW","1","Q16658","FSCN1",-0.706408077999903,6.93163486177652e-18,1.02966529490616e-16
"ENSG00000161011","ENSP00000374455.4","S272","RSRLTPVSPESSSTE","1",NA,"SQSTM1",1.43697368852589,1.57085799879187e-24,5.61714625122249e-23
"ENSG00000198901","ENSP00000377793.3","T481","RRGLAPNTPGKARKL","1","O43663","PRC1",3.62378669765859,3.38554632528527e-24,1.15022247381782e-22
"ENSG00000141639","ENSP00000383234.1","S186","YSHKGYLSEGLVTKW","1","P31152","MAPK4",-1.84155371266358,1.49928479005919e-24,5.3990108567995e-23
"ENSG00000067606","ENSP00000383712.2","T227","GPGDTTSTFCGTPNY","1","Q05513","PRKCZ",-1.53197236052421,4.45181769802966e-28,3.13622881278434e-26
"ENSG00000100242","ENSP00000385740.1","S12","SQRLTRYSQGDDDGS","1","Q9UH99","SUN2",-0.21885167208638,0.0156154744026775,0.0383875867404492
"ENSG00000070814","ENSP00000367028.4","S156","ANLLSGKSPRKSAEP","1","Q13428","TCOF1",2.05510036243135,3.3329053160795e-27,1.97077767112951e-25
"ENSG00000081189","ENSP00000421925.5","S222","GYGNPRNSPGLLVSP","1","Q06413","MEF2C",0.25381401756098,0.00467409894073499,0.0129544869348669
"ENSG00000131747","ENSP00000411532.1","S1377","KPQKSVVSDLEADDV","1","P11388","TOP2A",2.4808126493512,7.49701911837023e-26,3.3736586032666e-24
"ENSG00000092199","ENSP00000451291.1","S253","ETNVKMESEGGADDS","1","B4DY08","HNRNPC",0.450111559258644,2.29547173911306e-15,2.63957716492007e-14
"ENSG00000089737","ENSP00000481495.1","S82","KRKAQAVSEEEEEEE","1","Q9GZR7","DDX24",0.57025303599757,6.44568978630805e-09,3.82435940951423e-08
"ENSG00000106976","ENSP00000362014.4","S774","SVPAGRRSPTSSPTP","1",NA,"DNM1",0.636549280914114,6.78996375780149e-06,2.89078131922515e-05
"ENSG00000157764","ENSP00000493543.1","S365","GQRDRSSSAPNVHIN","1","H7C560","BRAF",0.176109035524007,0.00271631769953603,0.00788571010821159
"ENSG00000112118","ENSP00000472940.2","S160","KTIERRYSDLTTLVA","1","P25205","MCM3",0.419334555713753,2.94534076165854e-10,2.01608147511784e-09
"ENSG00000124788","ENSP00000244769.3","S775","ATRKRRWSAPESRKL","1","P54253","ATXN1",0.10397116276247,1.66054495331231e-10,1.16794583645296e-09
"ENSG00000131016","ENSP00000384537.2","S627","KKRVRRPSESDKEDE","1","Q02952","AKAP12",-2.04875508087699,1.04451313695866e-28,9.13958524539649e-27
"ENSG00000074590","ENSP00000261402.2","S445","TGVLLPSSPEAEVPG","1","O60285","NUAK1",0.108225328358497,0.00767123036219464,0.0203079521811899
"ENSG00000070159","ENSP00000363667.1","S359","PAMRRSLSVEHLETK","1",NA,"PTPN3",0.137065626905795,0.00330529368381549,0.00942765496468035
"ENSG00000113504","ENSP00000264930.5","T973","ARTQAPPTPDKVQMT","1","Q9Y666","SLC12A7",0.343960658551794,9.72417057134451e-07,4.58878727117782e-06
"ENSG00000073111","ENSP00000265056.7","S108","DVEELTASQREAAER","1","P49736","MCM2",1.86347899798613,0.00741908478651321,0.0196983064705161
"ENSG00000011405","ENSP00000265970.6","S259","KVSNLQVSPKSEDIS","1",NA,"PIK3C2A",-0.499848416738551,0.000291596875305823,0.000993660207244183
"ENSG00000140577","ENSP00000268184.6","S370","SLRLFSLSNPSLSTT","1","Q6UUV7","CRTC3",-0.845932811904586,4.54473783900497e-17,6.22312292566164e-16
"ENSG00000146648","ENSP00000275493.2","T693","RELVEPLTPSGEAPN","1","Q504U8","EGFR",-0.360751244784296,0.00710795309416577,0.0189411497887574
"ENSG00000152137","ENSP00000281938.3","T87","GVPAEGRTPPPFPGE","1","Q9UJY1","HSPB8",-0.706588816300552,1.68306488505313e-13,1.5953456047774e-12
"ENSG00000158869","ENSP00000289902.1","S69","DGVYTGLSTRNQETY","1",NA,"FCER1G",0.269911587149178,0.000380851548637465,0.00127526176879317
"ENSG00000144909","ENSP00000296220.5","S189","PISQRRPSQNAISFF","1","Q9BXB4","OSBPL11",-1.48048566781164,3.00372514936688e-18,4.65129647308479e-17
"ENSG00000020922","ENSP00000325863.4","S649","EVIEVDESDVEEDIF","1","P49959","MRE11A",-0.464106353313962,2.82952208051038e-05,0.00011156807019717
"ENSG00000068831","ENSP00000377953.3","S587","PRPGRRGSRPPEIRE","1",NA,"RASGRP2",-1.46488323830338,6.6087131283234e-25,2.55389676945108e-23
"ENSG00000198771","ENSP00000356828.3","S216","SKSKAPGSPLSSEGA","1","Q6JBY9","RCSD1",-1.22978202495803,6.00775430829377e-16,7.32329478033662e-15
"ENSG00000204120","ENSP00000362664.5","S593","MWGRVPFSPGPAPPP","1",NA,"GIGYF2",-0.380383445309146,0.00111214486152989,0.00345375752752163
"ENSG00000171560","ENSP00000498441.1","S609","KMADEAGSEADHEGT","1","P02671","FGA",-2.13944769208102,1.46379274150191e-25,6.25633592236068e-24
"ENSG00000118260","ENSP00000236995.3","S257","PGVVMASSPALPTQP","1","P16220","CREB1",-0.449201778654285,2.37722462910303e-06,1.07290204357676e-05
"ENSG00000206053","ENSP00000248098.3","S97","KTSDIFGSPVTATSR","1",NA,"HN1L",0.14284755891606,0.00491641101444674,0.013562284232399
"ENSG00000089159","ENSP00000228307.7","S272","ELDELMASLSDFKIQ","1","P49023","PXN",-1.83098096822642,2.05930338912898e-27,1.26721591084052e-25
"ENSG00000001626","ENSP00000003084.6","S737","EPLERRLSLVPDSEQ","1",NA,"CFTR",-0.211066491864919,0.000226992494377668,0.000785388392255124
"ENSG00000111679","ENSP00000326010.9","Y564","SKHKEDVYENLHTKN","1","F5H5H9","PTPN6",-0.315954922450274,0.000390277471782984,0.00130411657646817
"ENSG00000169398","ENSP00000429911.1","Y576","RYMEDSTYYKASKGK","1","Q05397","PTK2",-1.49098509660459,1.80983012955539e-20,3.62498328890358e-19
"ENSG00000149273","ENSP00000434643.1","T221","KDEILPTTPISEQKG","1","P23396","RPS3",0.996393992986306,1.520239757556e-20,3.07509883632368e-19
"ENSG00000100664","ENSP00000216554.3","S389","LKEAEEESSGGEEED","1",NA,"EIF5",0.850350646122962,2.64040141568115e-11,2.00632535044753e-10
"ENSG00000105971","ENSP00000222693.4","S36","DPEKFADSDQDRDPH","1",NA,"CAV2",-1.05890361841828,6.4667782916948e-21,1.36389828457665e-19
"ENSG00000106462","ENSP00000419711.1","T367","NNSSRPSTPTINVLE","1","G3XAL2","EZH2",1.75593308892255,4.0081319504543e-19,6.78989516979944e-18
"ENSG00000026025","ENSP00000224237.5","S39","TTSTRTYSLGSALRP","1",NA,"VIM",-0.464282861248336,4.73209091106556e-11,3.51551335683888e-10
"ENSG00000026025","ENSP00000224237.5","S459","GQVINETSQHHDDLE","1",NA,"VIM",-0.0816688527081944,2.04687964222367e-13,1.92472005633459e-12
"ENSG00000109846","ENSP00000499082.1","S59","PSFLRAPSWFDTGLS","1","P02511","CRYAB",-1.08970719970847,1.84359841629325e-19,3.25256611786451e-18
"ENSG00000114346","ENSP00000376457.3","T359","YLYEKANTPELKKSV","1","Q9H8V3","ECT2",2.31822756255419,4.95706055822884e-22,1.21333163583804e-20
"ENSG00000066027","ENSP00000261461.2","S41","RQKRSQGSSQFRSQG","1","Q15172","PPP2R5A",-1.65618962963946,1.70780530972843e-22,4.47696267892454e-21
"ENSG00000109458","ENSP00000262994.4","Y659","VADERVDYVVVDQQK","1","Q13480","GAB1",-1.63893349503476,1.0018080855517e-21,2.34175505581478e-20
"ENSG00000115966","ENSP00000264110.2","S62","FGPARNDSVIVADQT","1","P15336","ATF2",0.817532585627429,8.30820911823607e-09,4.87842629676843e-08
"ENSG00000139687","ENSP00000267163.4","T821","KISEGLPTPTKMTPR","1",NA,"RB1",0.358682288049494,4.89440974146589e-08,2.64251561887283e-07
"ENSG00000140577","ENSP00000268184.6","S329","SGLQSSRSNPSIQAT","1","Q6UUV7","CRTC3",-0.437023772003943,1.71282356211987e-08,9.72567686884632e-08
"ENSG00000144560","ENSP00000404251.2","S58","RTGPPPISPSKRKFS","1","A0A075B6E4","VGLL4",0.61275531503664,6.0086284636068e-14,5.96097181182357e-13
"ENSG00000137309","ENSP00000308227.4","S36","PRKQPPVSPGTALVG","1","P17096","HMGA1",0.857236872153262,7.48874781186757e-05,0.000279018451908428
"ENSG00000137309","ENSP00000308227.4","S44","PGTALVGSQKEPSEV","1","P17096","HMGA1",0.890826013639305,1.48355036460964e-12,1.2842768622447e-11
"ENSG00000172939","ENSP00000311713.3","S339","EDGGWEWSDDEFDEE","1",NA,"OXSR1",-0.0218919572892915,3.97693342009628e-09,2.41094212974976e-08
"ENSG00000184708","ENSP00000328103.5","S587","YLRPRIPSPIGFTPG","1",NA,"EIF4ENIF1",-0.148007109485942,2.73439033164885e-05,0.000108150996016235
"ENSG00000137693","ENSP00000282441.5","S419","TPDDFLNSVDEMDTG","1","P46937","YAP1",0.202129579431343,0.000164780778907767,0.000582165894584796
"ENSG00000060237","ENSP00000313059.6","S2032","DGSGSPHSPHQLSSK","1","F5GWT4","WNK1",0.260022883130144,0.00160876025685685,0.00486966199835818
"ENSG00000060237","ENSP00000341292.5","S2284","DGSGSPHSPHQLSSK","2","F5GWT4","WNK1",0.260022883130144,0.00160876025685685,0.00486966199835818
"ENSG00000197386","ENSP00000347184.5","S1199","EQASVPLSPKKGSEA","1","P42858","HTT",0.464592087884093,3.59874710002043e-05,0.000139989343589903
"ENSG00000005810","ENSP00000444596.2","S3478","TVFQRSYSVVASEYD","1","O75592","MYCBP2",-0.146587719647261,0.00902813298407823,0.0235181175873068
"ENSG00000176915","ENSP00000350686.5","S528","RAFAGPLSPAKAEDF","1","Q86XL3","ANKLE2",1.39409760887212,7.86165339565487e-20,1.45045375261796e-18
"ENSG00000119280","ENSP00000355623.5","S37","FTYFSSLSPMARKIM","1","Q9H425","C1orf198",-0.370394535127716,2.33293960544264e-10,1.61347177180748e-09
"ENSG00000148773","ENSP00000357643.3","S374","YTTGRRESVNLGKSE","1","P46013","MKI67",4.72620893742124,1.095664422795e-23,3.41573105153131e-22
"ENSG00000065978","ENSP00000361626.3","S176","EKNEGSESAPEGQAQ","1","P67809","YBX1",0.31307488474982,0.013801650624587,0.0344142866875889
"ENSG00000125977","ENSP00000364119.2","S67","DTRKKDASDDLDDLN","1","P20042","EIF2S2",-0.546602314009178,7.64159713904424e-07,3.64818109247563e-06
"ENSG00000137154","ENSP00000369757.4","S240","RLSSLRASTSKSESS","1","P62753","RPS6",0.724745990124564,1.92040583222248e-07,9.69695777367901e-07
"ENSG00000131747","ENSP00000411532.1","S1525","PIKYLEESDEDDLF_","1","P11388","TOP2A",1.41515722185598,2.28237750313748e-14,2.36455235238837e-13
"ENSG00000248333","ENSP00000464036.2","T595","GSPLKAYTPVVVTLW","1","B7ZVY7","CDK11B",0.27591620021283,8.58300156177188e-05,0.000316860719022406
"ENSG00000100784","ENSP00000479667.1","S212","DETERAYSFCGTIEY","1","O75582","RPS6KA5",-0.0404752457045738,9.78214733180796e-07,4.61190623051162e-06
"ENSG00000104856","ENSP00000221452.7","S573","AFGGGLLSPGPEAT_","1","Q01201","RELB",0.281930122724244,0.00701775946991633,0.0187170791084061
"ENSG00000124789","ENSP00000262077.3","S522","TSPSSTGSPMFKFSS","1","P49790","NUP153",0.380885574923653,7.95433376563083e-15,8.61461078775951e-14
"ENSG00000100811","ENSP00000262238.4","S118","EVVGGDDSDGLRAED","1","G3V3M8","YY1",0.26163137479902,5.33447271381882e-09,3.19099973287093e-08
"ENSG00000085382","ENSP00000262903.4","S385","LMKNKRDSTEITSIL","1","Q8IYU2","HACE1",-1.21497445996245,4.67879071350013e-23,1.3190574187232e-21
"ENSG00000109171","ENSP00000264313.5","S48","AGSLGPGSPVRAGAS","1","Q9P270","SLAIN2",0.146667554231009,0.00165989852423206,0.00501356103637803
"ENSG00000149311","ENSP00000278616.4","T1885","SQTSRSTTPANLDSE","1","E9PIN0","ATM",-0.342437370167591,6.21969585977035e-05,0.000234472357759457
"ENSG00000181163","ENSP00000296930.5","T199","VKKSIRDTPAKNAQK","1","P06748","NPM1",5.75707980224059,8.11701682580703e-20,1.49396985361475e-18
"ENSG00000085733","ENSP00000301843.8","S298","EKLAKHESQQDYSKG","1","Q14247","CTTN",0.75391877444476,2.92791153009869e-12,2.4629659302738e-11
"ENSG00000137309","ENSP00000308227.4","T53","KEPSEVPTPKRPRGR","1","P17096","HMGA1",0.978210881121019,2.25938684768233e-08,1.26394505197563e-07
"ENSG00000173517","ENSP00000452796.2","Y635","IVINPNAYDNLAIYK","1","Q9H792","PEAK1",-2.77580491271242,5.81517061454748e-24,1.92655030792224e-22
"ENSG00000068305","ENSP00000453095.1","S406","SIKSEPISPPRDRMT","1","H0YM62","MEF2A",-0.522859469329532,1.47031720171365e-13,1.40148897811866e-12
"ENSG00000187555","ENSP00000343535.4","S18","KAGEQQLSEPEDMEM","1","Q93009","USP7",0.277992941241386,4.92780718641743e-13,4.47577508084654e-12
"ENSG00000179335","ENSP00000378505.3","S157","HHCKRYRSPEPDPYL","1",NA,"CLK3",0.132165483995784,1.51448561952479e-08,8.64916358746499e-08
"ENSG00000187164","ENSP00000347532.4","S101","NKTLKRISMLYMAKL","1","A0MZ66","SHTN1",-1.0590656338867,2.83108503586227e-10,1.94090829807605e-09
"ENSG00000198909","ENSP00000354485.4","S337","DPRGRLRSADSENAL","1","Q99759","MAP3K3",-0.598131971997734,2.94395327188349e-13,2.73801056196873e-12
"ENSG00000177606","ENSP00000360266.2","S63","KNSDLLTSPDVGLLK","1","P05412","JUN",-0.956522024407036,8.07691884886495e-12,6.46596599068616e-11
"ENSG00000205581","ENSP00000370125.5","S25","KRRSARLSAKPPAKV","1","H7BXJ5","HMGN1",0.339575656332144,7.1329016838324e-05,0.000266602966338631
"ENSG00000132341","ENSP00000446215.1","S135","DRKVKAKSIVFHRKK","1","P62826","RAN",-0.900758224227985,3.39816194105169e-11,2.55550117014796e-10
"ENSG00000115232","ENSP00000380227.2","S1021","QEENRRDSWSYINSK","1",NA,"ITGA4",0.0937270109790909,0.0160943140619288,0.0394284318832686
"ENSG00000149948","ENSP00000384026.2","S105","EETSSQESAEED___","1","P52926","HMGA2",0.8877536085424,0.0114025462646702,0.0290065231698007
"ENSG00000068796","ENSP00000385622.3","S135","SSAQQNGSVSDISPV","1","O00139","KIF2A",1.18945539816966,5.61278888958447e-20,1.05653510762479e-18
"ENSG00000081189","ENSP00000421925.5","S396","NIKSEPVSPPRDRTT","1","Q06413","MEF2C",0.0785479784653234,0.000124479733751781,0.000448627712668861
"ENSG00000154229","ENSP00000408695.3","T638","TRGQPVLTPPDQLVI","1","J3KRN5","PRKCA",-0.569775665623375,8.30497123100125e-08,4.36245874826934e-07
"ENSG00000092439","ENSP00000495860.1","S1255","TLTAQKASEASKVHN","1","H0YNM0","TRPM7",-0.301264918190999,0.00787115030782947,0.020785127202364
"ENSG00000157764","ENSP00000493543.1","T753","YACASPKTPIQAGGY","1","H7C560","BRAF",0.325164165424319,0.000861419675605663,0.00271922187463283
"ENSG00000141068","ENSP00000494552.1","S406","TRLRRTESVPSDINN","1","J3QKR8","KSR1",0.0686832227303533,0.0133569236886786,0.0334168443497065
"ENSG00000116584","ENSP00000354837.4","S143","GSRRGRSSLSLAKSV","1","Q92974","ARHGEF2",0.668350349047323,1.51230563120142e-09,9.58920051069058e-09
"ENSG00000111276","ENSP00000228872.4","S178","EENVSDGSPNAGSVE","1",NA,"CDKN1B",-0.680914636900503,1.47797582057809e-05,6.04303789481196e-05
"ENSG00000164867","ENSP00000297494.3","S114","RKLQGRPSPGPPAPE","1","P29474","NOS3",-0.460019201517557,0.00433434484421237,0.012092680057437
"ENSG00000104419","ENSP00000319977.8","T328","TRLMRSRTASGSSVT","1","Q92597","NDRG1",0.192402190336789,1.34491872435776e-09,8.57039598834342e-09
"ENSG00000160691","ENSP00000357430.5","Y427","ELFDDPSYVNVQNLD","1","P29353","SHC1",-0.902815392754899,6.78719546116208e-05,0.000254395309328904
"ENSG00000151929","ENSP00000358081.4","S289","RSSTPLHSPSPIRVH","1","O95817","BAG3",-0.193887114072997,0.0135267214471602,0.0337919930503158
"ENSG00000116285","ENSP00000366702.5","S302","KPDYRRWSAEVTSST","1","K7ENI4","ERRFI1",0.299563790472718,2.93200188673341e-05,0.000115252947433229
"ENSG00000149948","ENSP00000384026.2","S44","QEPTGEPSPKRPRGR","1","P52926","HMGA2",1.06386593980333,3.06219939966832e-06,1.36119960259407e-05
"ENSG00000139687","ENSP00000267163.4","T826","LPTPTKMTPRSRILV","1",NA,"RB1",1.11318027562733,3.35523497006339e-18,5.16689324912526e-17
"ENSG00000158517","ENSP00000289473.4","S348","PGPQSPGSPLEEERQ","1","P14598","NCF1",-0.275641800649502,1.4778752815209e-05,6.04303789481196e-05
"ENSG00000272886","ENSP00000476386.1","S315","PTYTIPLSPVLSPTL","1","Q9NPI6","DCP1A",0.105151058963813,0.00048255729419693,0.00158788449271609
"ENSG00000188130","ENSP00000215659.8","Y185","ADSEMTGYVVTRWYR","1",NA,"MAPK12",-0.825951312813299,3.62864977275575e-18,5.55722000430284e-17
"ENSG00000100664","ENSP00000216554.3","S390","KEAEEESSGGEEEDE","1",NA,"EIF5",1.38187940879222,2.08635803810452e-09,1.30509169376838e-08
"ENSG00000112062","ENSP00000229794.4","T180","RHTDDEMTGYVATRW","1","Q16539","MAPK14",-0.325853734820612,9.2588622308401e-06,3.88415924796844e-05
"ENSG00000100968","ENSP00000250373.4","S217","GLGSPLPSPRASPRP","1",NA,"NFATC4",0.712631195737032,0.00188411859615285,0.00563855609170937
"ENSG00000063046","ENSP00000262056.9","S406","RPRERHPSWRSEETQ","1","P23588","EIF4B",0.935788716008204,1.04628365415795e-14,1.12188112602066e-13
"ENSG00000124789","ENSP00000262077.3","S529","SPMFKFSSPIVKSTE","1","P49790","NUP153",0.812540599932841,3.54558285128223e-06,1.56247320215047e-05
"ENSG00000102882","ENSP00000263025.4","T202","HDHTGFLTEYVATRW","1","P27361","MAPK3",-1.39520552217126,3.09737768102301e-16,3.88694263042384e-15
"ENSG00000139687","ENSP00000267163.4","T356","DSFETQRTPRKSNLD","1",NA,"RB1",2.30196906354335,1.6496158579252e-19,2.93738977141881e-18
"ENSG00000058729","ENSP00000283109.3","S380","PEQIKEDSLSEESAD","1","Q9BVS4","RIOK2",1.04497463543586,4.57177620776271e-19,7.69791658719166e-18
"ENSG00000171132","ENSP00000306124.3","S368","NNIRKALSFDNRGEE","1","C9JR22","PRKCE",-0.10289375442197,0.0031140395813853,0.0089328599617666
"ENSG00000178188","ENSP00000321221.7","S96","PPILAPLSPGAEISP","1","H3BVF6","SH2B1",0.135675473249346,5.63283069137553e-09,3.36159876411301e-08
"ENSG00000039650","ENSP00000323511.2","S114","EETRTPESQPDTPPG","1",NA,"PNKP",0.391456554421776,0.000419101977797879,0.00139400529726626
"ENSG00000182473","ENSP00000334100.6","S250","SSSGVPYSPAIPNKR","1",NA,"EXOC7",-0.422917635895327,7.70254807149403e-06,3.25947799045318e-05
"ENSG00000067048","ENSP00000336725.3","S592","RSKSNRFSGGFGARD","1","O15523","DDX3Y",-0.304359296799412,0.0142936905607041,0.0354996472350091
"ENSG00000196549","ENSP00000353679.2","S6","__MGKSESQMDITDI","1","P08473","MME",-0.576000938949132,3.68937764195486e-13,3.39828607868069e-12
"ENSG00000204356","ENSP00000364578.3","S51","GGVKRSLSEQPVMDT","1","P18615","NELFE",0.320424342623738,2.87356591085895e-09,1.76792666810425e-08
"ENSG00000136754","ENSP00000365312.2","S225","ARLGSQHSPGRTASL","1","Q8IZP0","ABI1",0.0771402755288157,0.00158816175519208,0.00481635002353898
"ENSG00000015285","ENSP00000365891.4","S483","KRSRAIHSSDEGEDQ","1","C9J3B7","WAS",1.46047657394362,3.64500937323171e-07,1.79382226180642e-06
"ENSG00000092439","ENSP00000495860.1","S1477","NTLKRVSSLAGFTDC","1","H0YNM0","TRPM7",0.317943816164583,0.000182934990832433,0.000641643904550749
"ENSG00000115685","ENSP00000234038.6","S24","EVDRRVESEESGDEE","1","C9JD73","PPP1R7",0.256302419830511,1.22809464083022e-07,6.32520340642725e-07
"ENSG00000126767","ENSP00000366182.3","S324","RDLELPLSPSLLGGP","1","P19419","ELK1",-0.146795378858096,0.00289236427460112,0.00835484053116705
"ENSG00000138834","ENSP00000250894.4","T275","TTGTKSNTPTSSVPS","1","Q9UPT6","MAPK8IP3",0.69497274861304,1.36187195909284e-05,5.59669655175005e-05
"ENSG00000134058","ENSP00000256443.3","S164","GLAKSFGSPNRAYTH","1","D6REC6","CDK7",0.12845710573772,2.33914886934275e-05,9.32040269158869e-05
"ENSG00000134313","ENSP00000256707.4","S918","RTITRQMSFDLTKLL","1",NA,"KIDINS220",0.932514918257191,3.89497507238978e-13,3.57691073099745e-12
"ENSG00000109787","ENSP00000261438.5","S92","PSSHRRASPGLSMPS","1","P57682","KLF3",-0.649064836223872,0.000147461782323183,0.000525033846786794
"ENSG00000063046","ENSP00000262056.9","S230","KYRDRYDSDRYRDGY","1","P23588","EIF4B",0.120730956329513,0.000385488912447051,0.00128909948951766
"ENSG00000109458","ENSP00000262994.4","Y627","KGDKQVEYLDLDLDS","1","Q13480","GAB1",-1.99335693972884,4.63063651347938e-19,7.78846629833016e-18
"ENSG00000082175","ENSP00000325120.5","S162","PATQRVLSPLMSRSG","1","P06401","PGR",-1.1935642969313,7.03745583221407e-19,1.16072569417761e-17
"ENSG00000163939","ENSP00000296302.7","S948","SGLHRTYSQDCSFKN","1","Q86U86","PBRM1",0.341065379158216,2.02322012403353e-05,8.12815688267009e-05
"ENSG00000165699","ENSP00000298552.3","S487","AAISRELSEITTAEA","1","Q92574","TSC1",0.236564340129945,1.03998639227509e-05,4.33374802709684e-05
"ENSG00000156256","ENSP00000382858.2","S552","DLEVLTSSPTRNLNG","1","Q9Y5T5","USP16",0.295501838279009,0.000401710727659194,0.00133998315544966
"ENSG00000198648","ENSP00000348278.4","S371","VRRVPGSSGHLHKTE","1",NA,"STK39",0.459235847135727,2.45010267148923e-07,1.22545122193223e-06
"ENSG00000196419","ENSP00000352257.4","S27","QEENLEASGDYKYSG","1","P12956","XRCC6",-0.557325120322503,3.30719003024097e-11,2.48953177294852e-10
"ENSG00000198730","ENSP00000355013.2","S1081","RRPRRQRSDQDSDSD","1","Q6PD62","CTR9",0.358461377347201,2.53012109483928e-12,2.13891202624413e-11
"ENSG00000080839","ENSP00000362768.3","T332","DAEEEIGTPRKFTRD","1","P28749","RBL1",1.12837697144127,8.14895641759299e-12,6.52193182076619e-11
"ENSG00000137337","ENSP00000365588.3","S329","QPFGFIDSDTDAEEE","1","Q14676","MDC1",0.411321345318274,0.00204569407515478,0.0060799432579884
"ENSG00000150907","ENSP00000368880.4","S256","SPRRRAASMDNNSKF","1",NA,"FOXO1",-0.616331788393243,1.40145931188621e-05,5.74551446324454e-05
"ENSG00000111057","ENSP00000373487.3","S34","RPVSSAASVYAGAGG","1","F8VZY9","KRT18",0.700089563627966,0.00069433205821922,0.0022238509536087
"ENSG00000089159","ENSP00000228307.7","S126","SFPNKQKSAEPSPTV","1","P49023","PXN",-0.308642730520447,5.39034276168839e-11,3.974664435321e-10
"ENSG00000113368","ENSP00000261366.5","S23","GGPTTPLSPTRLSRL","1","A0A0D9SFE5","LMNB1",-0.0188293046767356,0.00060156798203551,0.00194544647630627
"ENSG00000101773","ENSP00000323050.5","T315","FSDSTSKTPPQEELP","1","A0A140TA82","RBBP8",0.278765790114935,2.53685017366223e-09,1.56958961380737e-08
"ENSG00000130985","ENSP00000338413.6","S835","ELKATLPSPDKLPGF","1","P22314","UBA1",0.0934407519011202,2.83787216963524e-05,0.000111854138441765
"ENSG00000105974","ENSP00000339191.2","Y14","VDSEGHLYTVPIREQ","1","Q03135","CAV1",-1.79322155443102,4.71335836165563e-20,8.9381724624342e-19
"ENSG00000196396","ENSP00000360683.3","S378","RSRVVGGSLRGAQAA","1","P18031","PTPN1",-0.800104022506677,7.76921818712287e-05,0.000288976442947421
"ENSG00000133226","ENSP00000326261.8","T572","PPPRRRRTPTPPPRR","1",NA,"SRRM1",0.990718463521347,5.23826587140898e-11,3.86904453191922e-10
"ENSG00000079432","ENSP00000458663.2","S173","PGKRRTQSLSALPKE","1","I3L2J0","CIC",0.00167542579956503,1.23133561497726e-10,8.77133424476481e-10
"ENSG00000110713","ENSP00000352091.5","S623","RDSENLASPSEYPEN","1","H0YCT1","NUP98",0.903816289204517,8.98699211111721e-05,0.000330739009541476
"ENSG00000112742","ENSP00000358813.2","S436","VFSVSKQSPPISTSK","1","P33981","TTK",0.826277420433332,7.91864355205094e-09,4.66129142628892e-08
"ENSG00000110958","ENSP00000262033.6","S118","DDSDEDMSNFDRFSE","1",NA,"PTGES3",0.952363440854496,1.81691773557314e-11,1.40746825092616e-10
"ENSG00000117222","ENSP00000264515.6","S497","SKGKEKDSPFKPKLY","1","Q15291","RBBP5",2.14934127951972,2.70139963822488e-18,4.19799147633882e-17
"ENSG00000151067","ENSP00000382563.1","S1898","ASLGRRASFHLECLK","1","F5H0X0","CACNA1C",-0.509052742623098,1.76953843913147e-12,1.52025526961547e-11
"ENSG00000143375","ENSP00000271636.7","S137","GKLLRSHSQASLAGP","1","A2A3M4","CGN",0.569552041859417,0.00616322627510337,0.0166480448832563
"ENSG00000146648","ENSP00000275493.2","Y1197","STAENAEYLRVAPQS","1","Q504U8","EGFR",0.971738171677682,0.0134382267621406,0.0336037910343368
"ENSG00000167978","ENSP00000301740.8","S1499","TPRPRSRSPSSPELN","1","Q9UQ35","SRRM2",1.03259216942949,3.63167717760625e-14,3.70112228492662e-13
"ENSG00000179115","ENSP00000320309.3","S301","QRVKRTHSQGGYGSQ","1","K7ER00","FARSA",0.902786238933775,1.67467720473e-16,2.15360818040079e-15
"ENSG00000180182","ENSP00000323720.1","S986","NEDDNPPSPIGGDMM","1","O60244","MED14",0.282225719775898,0.000501824331629866,0.00164703937483102
"ENSG00000141646","ENSP00000341551.3","S138","YHYERVVSPGIDLSG","1","K7EL18","SMAD4",-0.202169645960453,0.0168839746965231,0.0411393340681364
"ENSG00000171862","ENSP00000361021.3","T383","HYRYSDTTDSDPENE","1","P60484","PTEN",0.861520409210197,2.43559331087762e-05,9.68579769164866e-05
"ENSG00000124151","ENSP00000361066.3","S728","VVKQEQLSPKKKENN","1","Q9Y6Q9","NCOA3",0.805206177537819,1.52795922373729e-10,1.07840420109234e-09
"ENSG00000172531","ENSP00000365936.4","S325","PITPPRNSAKAKK__","1","P62136","PPP1CA",0.377722354916749,1.32865704923866e-06,6.17762028128036e-06
"ENSG00000122786","ENSP00000354826.2","S789","QSVDKVTSPTKV___","1","Q05682","CALD1",-0.626442700530799,2.2350905223645e-12,1.8978761168706e-11
"ENSG00000089022","ENSP00000449381.2","T182","IDQGDLMTPQFTPYY","1","Q8IW41","MAPKAPK5",-0.00106623622352942,1.27200834411512e-06,5.93132923088979e-06
"ENSG00000128016","ENSP00000469647.2","S186","PVLRQSISFSGLPSG","1","M0QY76","ZFP36",-0.569351190882085,4.10229666771374e-07,2.00854579616692e-06
"ENSG00000099812","ENSP00000215582.4","S348","RRERGRPSLYVQRDI","1","Q8IVT2","MISP",0.799494167465838,6.95947244587013e-07,3.33395393315132e-06
"ENSG00000111276","ENSP00000228872.4","S140","PKTDPSDSQTGLAEQ","1",NA,"CDKN1B",-0.181011082393752,0.0194623156784445,0.0466903604169353
"ENSG00000109805","ENSP00000251496.2","S975","TAEADSESDHEVPEP","1","Q9BPX3","NCAPG",1.51294444176658,3.16919166234772e-13,2.93768537485317e-12
"ENSG00000058272","ENSP00000389168.2","S472","AGVTRSASSPRLSSS","1","O14974","PPP1R12A",1.16985068420347,2.95513017797378e-12,2.48449833481499e-11
"ENSG00000058272","ENSP00000389168.2","S473","GVTRSASSPRLSSSL","1","O14974","PPP1R12A",1.16985068420347,2.95513017797378e-12,2.48449833481499e-11
"ENSG00000035928","ENSP00000371321.1","T506","KESKLERTPQKNVQG","1","P35251","RFC1",1.61948313996641,6.67502389195443e-14,6.60284400157985e-13
"ENSG00000080493","ENSP00000264485.5","S1026","KKKKKKGSLDSDNDD","1","Q9Y6R1","SLC4A4",0.471872068193392,0.000710173828099465,0.00227079267133849
"ENSG00000080493","ENSP00000344272.3","S982","KKKKKKGSLDSDNDD","2","Q9Y6R1","SLC4A4",0.471872068193392,0.000710173828099465,0.00227079267133849
"ENSG00000140992","ENSP00000344220.4","S25","VVLCSCPSPSMVRTQ","1","O15530","PDPK1",-0.172855557784478,0.019221478815333,0.0461921438437799
"ENSG00000156970","ENSP00000287598.7","S670","TLSIKKLSPIIEDSR","1",NA,"BUB1B",1.21074101193371,2.79842900499355e-10,1.91937907023338e-09
"ENSG00000088325","ENSP00000300403.6","S738","QPLTVPVSPKFSTRF","1","Q9ULW0","TPX2",1.24108207953716,1.62536902032361e-12,1.40110924410175e-11
"ENSG00000138668","ENSP00000313199.7","T193","VGGLSPDTPEEKIRE","1","Q14103","HNRNPD",0.509466669053229,1.13436627877143e-08,6.571390286002e-08
"ENSG00000096384","ENSP00000360709.5","S718","LEGDEDASRMEEVD_","1","P08238","HSP90AB1",-0.403425477171272,0.00970557736578986,0.0251035970944151
"ENSG00000155506","ENSP00000336721.4","T226","YVPVAPPTPAWQPEI","1","Q6PKG0","LARP1",1.61108155706281,6.70902609329204e-11,4.90570519276866e-10
"ENSG00000126561","ENSP00000341208.4","S780","DSLDSRLSPPAGLFT","1","P42229","STAT5A",-0.500362794221735,2.23078342565975e-08,1.2490838311592e-07
"ENSG00000135525","ENSP00000346581.2","S209","SSATLLNSPDRARRL","1","Q14244","MAP7",0.535868089559898,1.28699257788152e-06,5.99390388285399e-06
"ENSG00000198793","ENSP00000354558.4","S2448","RSRTRTDSYSAGQSV","1","B1AKP8","MTOR",-0.178311397449946,1.03956118622565e-05,4.33256528653405e-05
"ENSG00000198959","ENSP00000355330.2","S216","RDCSRRSSPVYVGRV","1","P21980","TGM2",-0.416065387611496,1.36995941484457e-05,5.6261600466245e-05
"ENSG00000160789","ENSP00000357283.4","S307","DSLSAQLSQLQKQLA","1",NA,"LMNA",-0.722620892218805,1.30805984631355e-13,1.25110780244315e-12
"ENSG00000148773","ENSP00000357643.3","S357","QYSQQQNSPQKHKNK","1","P46013","MKI67",2.73543093913334,1.515103081758e-11,1.18263713551894e-10
"ENSG00000080839","ENSP00000362768.3","S650","SVHERYSSPTAGSAK","1","P28749","RBL1",1.54446275020013,7.6914963737712e-14,7.56437440225348e-13
"ENSG00000205581","ENSP00000370125.5","S86","GETKTEESPASDEAG","1","H7BXJ5","HMGN1",0.717291276884598,2.49758982110978e-13,2.33136278001551e-12
"ENSG00000167110","ENSP00000478799.1","S37","REYQQRNSPGVPTGA","1","Q08379","GOLGA2",1.72198252451991,2.77089650002286e-16,3.49153467282898e-15
"ENSG00000185122","ENSP00000431512.1","S326","SSVDTLLSPTALIDS","1","E9PMQ6","HSF1",0.75606160542181,0.00297395100105855,0.00856548199506009
"ENSG00000089159","ENSP00000228307.7","Y118","VGEEEHVYSFPNKQK","1","P49023","PXN",-1.26431044094727,1.95608430807314e-12,1.6702202179131e-11
"ENSG00000109072","ENSP00000226218.4","T76","TMPEDEYTVYDDGEE","1","P04004","VTN",-0.44907046643889,0.00104946364698199,0.00327003695594948
"ENSG00000103479","ENSP00000262133.6","S688","RLFVENDSPSDGGTP","1","J3KSF7","RBL2",0.232313590125948,0.000815757803487142,0.00258333139277291
"ENSG00000171223","ENSP00000303315.4","S251","QTVPEARSRDATPPV","1","P17275","JUNB",0.25420747856219,0.000712758215837175,0.00227763039878313
"ENSG00000132535","ENSP00000382425.2","S295","PTSPRRYSPVAKDLL","1",NA,"DLG4",-0.516176498903906,1.91708531536857e-10,1.3382478243615e-09
"ENSG00000115310","ENSP00000337838.6","S107","VAPERQPSWDPSPVS","1","Q9NQC3","RTN4",-0.811594703098127,3.55028917262627e-07,1.74889264901354e-06
"ENSG00000160789","ENSP00000357283.4","S22","QASSTPLSPTRITRL","1",NA,"LMNA",-0.661008361225708,8.72011287850367e-05,0.000321651250796515
"ENSG00000160691","ENSP00000357430.5","Y349","EEPPDHQYYNDFPGK","1","P29353","SHC1",-0.623878726761362,0.000441038277582532,0.00146107676386994
"ENSG00000148773","ENSP00000357643.3","S538","EAPTKRKSLVMHTPP","1","P46013","MKI67",0.853893318063831,1.4185327447775e-12,1.23152239965183e-11
"ENSG00000196396","ENSP00000360683.3","S50","RNRYRDVSPFDHSRI","1","P18031","PTPN1",1.14142893663033,3.74661239389475e-12,3.11658351821131e-11
"ENSG00000141551","ENSP00000324464.6","S331","RGLPSTASGRLRGTQ","1","J3KRM8","CSNK1D",0.370046573447183,8.1217971737432e-05,0.000300994647949402
"ENSG00000090661","ENSP00000251363.5","S342","QMEKDIRSDVEESDS","1","H0YMY6","CERS4",0.711640657177501,0.00741997670574105,0.0196989678720813
"ENSG00000117592","ENSP00000342026.5","T177","TAEKRVATPVDWKDG","1","P30041","PRDX6",-1.24919235128956,3.33746126479e-09,2.03900519257355e-08
"ENSG00000050748","ENSP00000394560.2","Y185","TNFMMTPYVVTRYYR","1","P45984","MAPK9",-0.700737664876321,4.1680478799453e-08,2.2699453932988e-07
"ENSG00000136450","ENSP00000258962.4","S238","SRGSPRYSPRHSRSR","1","Q07955","SRSF1",0.189825725449044,5.76970508133135e-11,4.23706235843276e-10
"ENSG00000160957","ENSP00000482313.2","S251","EVSIRVGSPQPSSSG","1","A0A087X072","RECQL4",1.04790604252347,2.48687810910483e-14,2.56946661003094e-13
"ENSG00000006468","ENSP00000405327.1","S216","PMYQRQMSEPNIPFP","1","P50549","ETV1",0.20228052840849,0.00602485356183653,0.016301574907512
"ENSG00000169727","ENSP00000302873.6","S474","KSPPREGSQGELTPA","1",NA,"GPS1",0.776572106164334,7.3320062920164e-05,0.000273477766332574
"ENSG00000163932","ENSP00000331602.3","T218","TAANSRDTIFQKERF","1","Q05655","PRKCD",-1.80428149799579,5.37267082084826e-15,5.93745031752235e-14
"ENSG00000137812","ENSP00000335463.6","S60","KKNSRRVSFADTIKV","1","Q8NG31","KNL1",1.56289544781851,9.18573421303844e-15,9.89096363171339e-14
"ENSG00000172943","ENSP00000350676.5","S120","GKPVKTGSPTFVREL","1","Q9UPP1","PHF8",0.782176169701305,7.95383677364318e-08,4.18303291450653e-07
"ENSG00000111206","ENSP00000352901.4","S522","KSYSGLRSPTRCVSE","1",NA,"FOXM1",1.56861781459332,9.89278898269341e-12,7.83573322239957e-11
"ENSG00000096063","ENSP00000362931.2","S309","RPNKQEESESPVERP","1","Q96SB4","SRPK1",1.37715732010104,3.02863394147049e-13,2.81335214114469e-12
"ENSG00000137337","ENSP00000365588.3","S376","LQESQAGSDTDVEEG","1","Q14676","MDC1",0.616443124281489,1.40118527970155e-07,7.17449004117863e-07
"ENSG00000047849","ENSP00000353375.6","T917","SAKPSSTTPRLSRLA","1","H7C4C5","MAP4",-0.576742222482622,0.00324324144856291,0.00926773346358981
"ENSG00000104312","ENSP00000220751.4","S178","RMMSLSQSRSSKSAP","1","O43353","RIPK2",-0.483134357774727,0.00148521282203103,0.00452294017004282
"ENSG00000076604","ENSP00000262395.5","S426","KPGTWRGSLDESSLG","1","Q9BUZ4","TRAF4",0.845542056029892,6.89313164106979e-06,2.93185314560144e-05
"ENSG00000064651","ENSP00000262461.2","T217","LRTFGHNTMDAVPRI","1","P55011","SLC12A2",-0.147608481693583,0.000342793399039591,0.00115489266859809
"ENSG00000156970","ENSP00000287598.7","S543","LSEKKNKSPPADPPR","1",NA,"BUB1B",1.17225446569014,2.65225449594297e-11,2.01483240030174e-10
"ENSG00000027075","ENSP00000329127.5","S28","GLQPTRWSLRHSLFK","1","G3V4L3","PRKCH",0.65423495340195,2.85907676013472e-06,1.27609098913965e-05
"ENSG00000124813","ENSP00000495497.1","S28","PSTSRRFSPPSSSLQ","1","I3L4L9","RUNX2",0.976371699100469,7.61172648441956e-12,6.10631827526276e-11
"ENSG00000171862","ENSP00000361021.3","S385","RYSDTTDSDPENEPF","1","P60484","PTEN",0.526492444341137,0.00086478913426402,0.00272901483055513
"ENSG00000097007","ENSP00000323315.5","Y185","TASDGKLYVSSESRF","1","P00519","ABL1",-0.756987959872063,3.10790577187797e-14,3.18961059541864e-13
"ENSG00000137337","ENSP00000365588.3","S299","SQPPGEDSDTDVDDD","1","Q14676","MDC1",0.638015882489498,6.53189963549134e-06,2.78633163042361e-05
"ENSG00000114416","ENSP00000350170.3","S420","SERKDELSDWSLAGE","1","C9JZE0","FXR1",0.275446808319106,0.00245844997907909,0.00719506856864893
"ENSG00000123384","ENSP00000243077.3","S4523","GSRHSLASTDEKREL","1","Q7Z7K9","LRP1",-1.30106359902614,4.15227891313761e-12,3.43538302627166e-11
"ENSG00000125503","ENSP00000263433.1","T560","MRQSRRSTQGVTLTD","1","Q9BZL4","PPP1R12C",0.619777721773431,5.62894354627308e-06,2.42034590674856e-05
"ENSG00000149269","ENSP00000348696.4","S223","DVATSPISPTENNTT","1","Q13153","PAK1",0.816626983414945,0.0011762636491389,0.00363886528647907
"ENSG00000099783","ENSP00000325376.2","S432","HGMDRVGSEIERMGL","1","P52272","HNRNPM",0.603269663265777,2.53244960789349e-07,1.26457419315457e-06
"ENSG00000182979","ENSP00000333633.7","S522","RLPEASQSPLVLKQA","1","Q13330","MTA1",-0.920383621474814,3.35042682692918e-05,0.000130744721904043
"ENSG00000105698","ENSP00000222305.2","T230","PKIDGTRTPRDERRR","1","Q15853","USF2",0.373608171804495,9.56593721880278e-08,4.98975567779083e-07
"ENSG00000130816","ENSP00000345739.3","S143","RTPRRSKSDGEAKPE","1",NA,"DNMT1",0.599067225335549,6.56135166211436e-10,4.32879702229267e-09
"ENSG00000088930","ENSP00000366396.3","T439","FTPSGILTPHALGSR","1","Q9H0D6","XRN2",0.656636804447965,0.000972922089283148,0.00304423089913029
"ENSG00000169398","ENSP00000429911.1","Y925","DRSNDKVYENVTGLV","1","Q05397","PTK2",-1.18435838029945,7.1087924892907e-15,7.7333669092763e-14
"ENSG00000196498","ENSP00000384018.1","S2453","VWEDRPSSAGSTPFP","1","C9JFD3","NCOR2",0.606985467175885,2.39656342787287e-09,1.48759745284918e-08
"ENSG00000092964","ENSP00000309539.5","T514","SVTPKTVTPASSAKT","1","Q16555","DPYSL2",-0.00275243129009795,0.0133426423521882,0.0333892924124455
"ENSG00000124789","ENSP00000262077.3","T369","PPVQRLMTPKPVSIA","1","P49790","NUP153",-0.157065941109973,0.0102821071879684,0.0264252914102055
"ENSG00000132170","ENSP00000287820.6","S112","AIKVEPASPPYYSEK","1","P37231","PPARG",-0.7270413161786,6.66995547341497e-06,2.84166252582791e-05
"ENSG00000166313","ENSP00000477213.1","T709","PKRLGAHTP______","1",NA,"APBB1",-1.19742065540623,3.79303346480223e-11,2.83852284563771e-10
"ENSG00000173327","ENSP00000309597.3","S705","FSLKTPDSPPTPAPL","1","Q16584","MAP3K11",-0.0215044660508354,2.87322461471564e-05,0.000113129286811503
"ENSG00000182866","ENSP00000337825.5","Y505","FTATEGQYQPQP___","1","P06239","LCK",-0.569819202088574,0.00465926597446985,0.0129168812907209
"ENSG00000186654","ENSP00000337464.6","S240","RLLRRSRSGDVLAKN","1","B1AHG4","PRR5",-0.0788090620800759,0.00101356271862523,0.00316460820298219
"ENSG00000167566","ENSP00000337998.6","S571","RSTFRGPSPEPPPSP","1","H7C1V4","NCKAP5L",-0.806548457334822,4.57692223965801e-08,2.48115659002865e-07
"ENSG00000113657","ENSP00000381526.3","T514","TTTPKGGTPAGSARG","1","Q14195","DPYSL3",1.11129730298039,0.00122535061916658,0.00377585417037303
"ENSG00000103197","ENSP00000219476.3","S664","KKTSGPLSPPTGPPG","1","H3BQK4","TSC2",-0.438289044372361,0.00130754065689151,0.00401619559290773
"ENSG00000078018","ENSP00000353508.4","T1613","PPSYSSRTPGTPGTP","1","P11137","MAP2",-0.564221417490558,7.7166103577822e-10,5.04642604383771e-09
"ENSG00000131759","ENSP00000254066.5","S445","APPPGSCSPSLSPSS","1","J3QRM2","RARA",0.00671885490744728,0.00103965958473599,0.00324179568317403
"ENSG00000116044","ENSP00000380252.3","S433","PEKELPVSPGHRKTP","1","H7C498","NFE2L2",0.746933733516173,0.00147679190819072,0.00449908420583602
"ENSG00000171560","ENSP00000498441.1","S542","PMLGEFVSETESRGS","1","P02671","FGA",-1.26277294048237,5.937859342447e-13,5.34250439076008e-12
"ENSG00000261371","ENSP00000457421.1","Y713","KKDTETVYSEVRKAV","1","A0A075B738","PECAM1",-2.03558938352937,3.92972912155692e-15,4.4041659636515e-14
"ENSG00000135334","ENSP00000257787.5","S21","DPLLSPASPKRRRCA","1","Q53H80","AKIRIN2",0.336810322438168,0.00352649080799473,0.00999346317837975
"ENSG00000103479","ENSP00000262133.6","T401","SKALRISTPLTGVRY","1","J3KSF7","RBL2",0.657579124937637,2.22313850349097e-08,1.2454859129704e-07
"ENSG00000090020","ENSP00000263980.3","S723","VITIDPASPQSPESV","1",NA,"SLC9A1",-0.22383809886049,0.00479199991266299,0.0132572751939656
"ENSG00000137857","ENSP00000373689.3","S955","KDLCRRASYISQDMI","1","Q9NRD9","DUOX1",-0.545631817565875,3.13768012181902e-07,1.55438421165767e-06
"ENSG00000266964","ENSP00000481244.1","S83","EEGTFRSSIRRLSTR","1","O00168","FXYD1",-0.788353636349377,2.27937081329118e-10,1.57856087171318e-09
"ENSG00000133026","ENSP00000269243.4","T1960","LELSDDDTESKTSDV","1","P35580","MYH10",0.0455359832241822,3.36855799131425e-06,1.4880994614938e-05
"ENSG00000176444","ENSP00000357345.4","S142","HSSRRAKSVEDDAEG","1","P49760","CLK2",0.392150752853127,1.10398223037044e-06,5.18252687648622e-06
"ENSG00000136997","ENSP00000367207.3","T58","KKFELLPTPPLSPSR","1","A0A0B4J1R1","MYC",-0.246316331149551,0.00637248331925404,0.0171437759036555
"ENSG00000205581","ENSP00000370125.5","S8","MPKRKVSSAEGAAKE","1","H7BXJ5","HMGN1",0.834112953066914,0.0183849120173543,0.0444186083862994
"ENSG00000100030","ENSP00000215832.7","T185","HDHTGFLTEYVATRW","1","P28482","MAPK1",-1.53796568026641,5.43283595877493e-11,4.00101334637545e-10
"ENSG00000141522","ENSP00000269321.7","S101","LESFKKQSFVLKEGV","1",NA,"ARHGDIA",-0.231693688684754,0.00174625822895436,0.00525885253796249
"ENSG00000115935","ENSP00000376330.2","T398","TSRALPATPQLPSRS","1","O43516","WIPF1",0.0198458478668044,0.0041534389635097,0.011632438040281
"ENSG00000162367","ENSP00000294339.3","S122","DGRMVQLSPPALAAP","1","P17542","TAL1",0.0251137320238666,6.68121625625487e-06,2.84606438939298e-05
"ENSG00000165392","ENSP00000298139.5","S1133","KKSIMVQSPEKAYSS","1","Q14191","WRN",0.93091189675134,1.0447253211659e-05,4.35172046583242e-05
"ENSG00000134690","ENSP00000362146.1","S219","YNISGNGSPLADSKE","1","Q53HL2","CDCA8",1.38068583511483,3.08143099493892e-12,2.5843035807308e-11
"ENSG00000156675","ENSP00000331342.4","S234","QKTPLSQSMSVLPTS","1","Q6WKZ4","RAB11FIP1",-0.418898723999327,1.47186251888099e-05,6.01964859083251e-05
"ENSG00000175054","ENSP00000343741.4","S435","SPKRRRLSSSLNPSK","1","H0Y8Y6","ATR",0.32258024342892,6.44025193604866e-09,3.82261322061226e-08
"ENSG00000187164","ENSP00000347532.4","S249","QNKLKRQSHLLLQSS","1","A0MZ66","SHTN1",-0.7776124617042,1.85290795686462e-07,9.37157358278864e-07
"ENSG00000185345","ENSP00000355865.1","S131","HTDSRKDSPPAGSPA","1","O60260","PARK2",-0.297860563414444,4.38678268981897e-05,0.000168410875801941
"ENSG00000078061","ENSP00000366244.4","Y301","LGYRDSGYYWEVPPS","1","P10398","ARAF",-0.0220805048543458,0.00418421775997257,0.0117100779227726
"ENSG00000013588","ENSP00000014914.6","Y347","AHAWPSPYKDYEVKK","1","Q8NFJ5","GPRC5A",-0.980836280426669,2.10802493133073e-08,1.18315794909579e-07
"ENSG00000104131","ENSP00000261868.5","S127","LKKLQEESDLELAKE","1","O75822","EIF3J",0.267636647656397,2.36944345809602e-06,1.06954772092138e-05
"ENSG00000163904","ENSP00000296257.5","S344","GLLRRKVSIIETKEK","1","C9IYB7","SENP2",0.19414013216695,8.96006941122985e-05,0.000329906676807808
"ENSG00000204673","ENSP00000375709.1","S183","PTQQYAKSLPVSVPV","1","Q96B36","AKT1S1",-1.77301457410003,4.21897805062162e-10,2.8421759147351e-09
"ENSG00000065534","ENSP00000353452.3","S1208","MKSRRPKSSLPPVLG","1","Q15746","MYLK",-0.86570336553145,9.04494229902606e-09,5.29276793495615e-08
"ENSG00000104738","ENSP00000496964.1","T110","PRSGVRGTPVRQRPD","1","E5RFR3","MCM4",3.82091861771992,1.18544619138311e-12,1.0361665298042e-11
"ENSG00000158517","ENSP00000289473.4","S345","QARPGPQSPGSPLEE","1","P14598","NCF1",-0.974993415276124,5.17921022212806e-06,2.23670937510026e-05
"ENSG00000134954","ENSP00000324578.5","T38","CADVPLLTPSSKEMM","1","P14921","ETS1",-0.933313688456739,1.59212117384681e-07,8.10474308513879e-07
"ENSG00000186001","ENSP00000393579.2","S419","RRISHEGSPVKPVAI","1","F8WFB5","LRCH3",0.881778384647175,7.31090961855539e-08,3.86147578870441e-07
"ENSG00000128989","ENSP00000455625.1","S104","DLPQRKPSLVASKLA","1","P56211","ARPP19",-1.42239610538095,1.22241324144007e-06,5.71485183583995e-06
"ENSG00000138160","ENSP00000260731.3","T926","LDIPTGTTPQRKSYL","1","P52732","KIF11",1.94001420660919,2.24575355667861e-07,1.12673735665383e-06
"ENSG00000150995","ENSP00000497605.1","S1598","RNAARRDSVLAASRD","1",NA,"ITPR1",-1.08050030601517,6.11057999376302e-07,2.9424689489137e-06
"ENSG00000002330","ENSP00000378040.3","S134","KGLPRPKSAGTATQM","1","Q92934","BAD",0.654832328095239,0.00116943577835138,0.0036195696826157
"ENSG00000115524","ENSP00000335321.6","T244","GRAKGSETPGATPGS","1","O75533","SF3B1",0.710332723014606,3.47971022232516e-05,0.00013561709241149
"ENSG00000138180","ENSP00000360540.3","S428","KVAASPKSPTAALNE","1","Q53EZ4","CEP55",1.48026888908587,4.92394397003592e-09,2.95349898143963e-08
"ENSG00000161011","ENSP00000374455.4","T269","GGKRSRLTPVSPESS","1",NA,"SQSTM1",0.784760850335921,7.13799928105968e-07,3.41440219601659e-06
"ENSG00000136450","ENSP00000258962.4","S234","SPRRSRGSPRYSPRH","1","Q07955","SRSF1",-0.0393723222121274,1.41707404237998e-08,8.12920891589939e-08
"ENSG00000124181","ENSP00000362368.1","S1248","HGRAREGSFESRYQQ","1","P19174","PLCG1",-0.15991594850237,0.00937187369876959,0.0243370112277599
"ENSG00000103479","ENSP00000262133.6","S1112","LLEDGSESPAKRICP","1","J3KSF7","RBL2",0.269415958343432,0.019520888269188,0.0468198811152278
"ENSG00000141564","ENSP00000307272.3","S696","EKNYALPSPATTEGG","1","I3L2I3","RPTOR",-0.0902226898018785,0.000222192339860298,0.000769735954670907
"ENSG00000196588","ENSP00000385835.1","S333","CGLARQNSTSLTGKP","1","Q969V6","MKL1",0.324484145294043,0.00310528760257123,0.00891276000569403
"ENSG00000136111","ENSP00000366863.3","S588","RMRGRLGSVDSFERS","1","O60343","TBC1D4",-0.771929391642743,5.74843299491185e-09,3.42791844968036e-08
"ENSG00000131747","ENSP00000411532.1","S1354","DFVPSDASPPKTKTS","1","P11388","TOP2A",1.36215816675543,5.63012387762184e-07,2.72567371610934e-06
"ENSG00000131747","ENSP00000411532.1","S1469","NRRKRKPSTSDDSDS","1","P11388","TOP2A",2.06938563026322,3.26675736164984e-09,1.997401822581e-08
"ENSG00000128016","ENSP00000469647.2","S60","RLPGRSTSLVEGRSC","1","M0QY76","ZFP36",-0.942118407259866,0.000118122137672303,0.000427070895347774
"ENSG00000186716","ENSP00000303507.8","Y177","ADAEKPFYVNVEFHH","1",NA,"BCR",-0.318558526034099,0.000161155448551012,0.000570409877667563
"ENSG00000183255","ENSP00000328325.3","Y174","LFKEENPYARFENN_","1","A8MZH8","PTTG1IP",0.893847225732143,1.21988662689566e-07,6.28609814716956e-07
"ENSG00000130816","ENSP00000345739.3","S154","AKPEPSPSPRITRKS","1",NA,"DNMT1",1.32985221452699,2.30353775572607e-08,1.28793859741334e-07
"ENSG00000132356","ENSP00000380317.2","T490","EAKSGTATPQRSGSV","1","Q13131","PRKAA1",0.487508380555951,0.00941763308365407,0.0244330651751252
"ENSG00000133026","ENSP00000269243.4","S1937","RGGPISFSSSRSGRR","1","P35580","MYH10",-1.26239366934184,1.75688926331346e-10,1.23147007031658e-09
"ENSG00000173267","ENSP00000361087.3","S124","EVAEEAQSGGD____","1",NA,"SNCG",-0.960442275893531,1.5936854179866e-06,7.34965983960861e-06
"ENSG00000015285","ENSP00000365891.4","Y291","AETSKLIYDFIEDQG","1","C9J3B7","WAS",-1.00938136662527,1.12110487443587e-08,6.50071123502124e-08
"ENSG00000134333","ENSP00000395337.3","Y10","TLKDQLIYNLLKEEQ","1","P00338","LDHA",0.707430624135412,5.3663744486811e-09,3.20945638133943e-08
"ENSG00000076248","ENSP00000242576.3","T60","AGQEEPGTPPSSPLS","1","P13051","UNG",1.28499007906947,1.03389539902121e-07,5.37127783085791e-07
"ENSG00000105486","ENSP00000263274.6","S76","EEEDEALSPAKGQKP","1","P18858","LIG1",1.1430904702814,3.66256832721489e-08,2.00786057938283e-07
"ENSG00000140464","ENSP00000268058.3","S403","AAVSKKASPEAASTP","1","P29590","PML",0.266265418539257,0.000560513332707828,0.00182229270961504
"ENSG00000181163","ENSP00000296930.5","T219","KDSKPSSTPRSKGQE","1","P06748","NPM1",2.88710859986712,1.93814940217444e-08,1.09281671443672e-07
"ENSG00000167658","ENSP00000307940.5","T435","RIMGPNYTPGKKEDL","1","M0R0I6","EEF2",0.398887570138893,1.92432510104177e-05,7.75394693157935e-05
"ENSG00000052749","ENSP00000360031.4","S1049","AKRHRALSQAAVEEE","1",NA,"RRP12",1.1695666370603,3.55986737836221e-08,1.95645867664832e-07
"ENSG00000115524","ENSP00000335321.6","T211","ADQTPGATPKKLSSW","1","O75533","SF3B1",-0.0906442795447582,0.00873269017743962,0.0228144322666357
"ENSG00000164022","ENSP00000500620.1","S140","KKEKKQQSIAGSADS","1","D6R937","AIMP1",0.0481482335354642,0.00152650524338227,0.00464084853010412
"ENSG00000198793","ENSP00000354558.4","S2478","TGTTVPESIHSFIGD","1","B1AKP8","MTOR",-0.312067607957115,0.0125648570492333,0.0316314831408653
"ENSG00000124762","ENSP00000244741.6","S130","SGEQAEGSPGGPGDS","1",NA,"CDKN1A",1.45659001590666,1.28409484865965e-07,6.59920956518111e-07
"ENSG00000131016","ENSP00000384537.2","S696","KKRARRGSSSDEEGG","1","Q02952","AKAP12",-0.675992694837408,1.28725116945085e-05,5.30640463920116e-05
"ENSG00000131791","ENSP00000254101.3","T40","HKIMVGSTDDPSVFS","1","O43741","PRKAB2",-0.242115806982916,1.68908556487288e-05,6.86135036260995e-05
"ENSG00000164741","ENSP00000276297.4","S766","VTRTRSLSACNKRVG","1","Q96QB1","DLC1",-1.36723235759518,1.81108483290457e-08,1.02475433353694e-07
"ENSG00000183765","ENSP00000385747.1","S379","SKILGETSLMRTLCG","1","H0Y820","CHEK2",0.832011552707812,0.00175887359050689,0.00529528256027937
"ENSG00000171368","ENSP00000353785.5","S18","ANRTPPKSPGDPSKD","1","O94811","TPPP",-0.364326408585882,6.01017569921337e-05,0.000227160624447945
"ENSG00000136807","ENSP00000362361.4","S347","APPRRKGSQITQQST","1","X6RE90","CDK9",0.917199981252734,3.98063698379863e-08,2.17290025594067e-07
"ENSG00000138834","ENSP00000250894.4","S365","RLDRTGSSPTQGIVN","1","Q9UPT6","MAPK8IP3",0.329951906399922,0.0157195739403465,0.0385998672597692
"ENSG00000035928","ENSP00000371321.1","S69","KKRIIYDSDSESEET","1","P35251","RFC1",0.77413489226284,2.74271003758651e-06,1.22719154769804e-05
"ENSG00000073111","ENSP00000265056.7","S27","GNDPLTSSPGRSSRR","1","P49736","MCM2",1.02122470608719,1.81421568771503e-07,9.18497269949231e-07
"ENSG00000069275","ENSP00000356110.4","S181","LKATVTPSPVKGKGK","1","Q9H1E3","NUCKS1",1.18950933358346,1.58590688017098e-06,7.31709068696776e-06
"ENSG00000110092","ENSP00000227507.2","T286","EEVDLACTPTDVRDV","1","P24385","CCND1",0.586824307567174,0.00600090330154171,0.0162453782399069
"ENSG00000152137","ENSP00000281938.3","S24","RRDPFRDSPLSSRLL","1","Q9UJY1","HSPB8",-0.307324343953622,0.00133511542287973,0.00409268902012098
"ENSG00000133112","ENSP00000431872.2","S46","TEGNIDDSLIGGNAS","1","P13693","TPT1",0.428111924420904,4.67384541091177e-05,0.000178880969923056
"ENSG00000198771","ENSP00000356828.3","S83","PKFKVKSSPLIEKLQ","1","Q6JBY9","RCSD1",-0.676835621514652,0.000420434607926759,0.00139802718749083
"ENSG00000178695","ENSP00000366694.2","S200","PLLTPSQSLDGSRRS","1","Q96CX2","KCTD12",-0.348662866145458,2.66122288906138e-06,1.19264661356078e-05
"ENSG00000150457","ENSP00000372035.4","S408","PVPSRTNSFNSHQPR","1","Q9NRM7","LATS2",-0.438059126862424,5.00192179779626e-05,0.000190746507582711
"ENSG00000066044","ENSP00000385269.1","S202","LLSQLYHSPARRFGG","1","Q15717","ELAVL1",0.8535380213435,0.000403573583851698,0.00134561119324723
"ENSG00000105171","ENSP00000465213.1","S10","SVIYHALSQKEANDS","1","O95707","POP4",0.411162994240463,0.0078020891637812,0.0206205280227749
"ENSG00000067369","ENSP00000263801.3","T1609","LGPYEAVTPLTKAAD","1","Q12888","TP53BP1",0.363352541400642,0.00393106181553438,0.011049013054852
"ENSG00000082701","ENSP00000264235.9","T390","RIQAAASTPTNATAA","1","P49841","GSK3B",-0.522053800158954,0.000384956200641704,0.00128759907974951
"ENSG00000085733","ENSP00000301843.8","S405","KTQTPPVSPAPQPTE","1","Q14247","CTTN",0.140337394606343,0.00958227188991445,0.0248160840079801
"ENSG00000072062","ENSP00000309591.3","S339","EEEEIRVSINEKCGK","1","P17612","PRKACA",-0.907677121117036,7.83912915986771e-07,3.73782656144618e-06
"ENSG00000173327","ENSP00000309597.3","S793","PRPSPLPSPQPAPRR","1","Q16584","MAP3K11",-0.553656884412106,0.000107903139953677,0.000392020358492048
"ENSG00000118260","ENSP00000236995.3","S128","RKILNDLSSDAPGVP","1","P16220","CREB1",-0.749237513464879,1.78570787953204e-05,7.2232072291789e-05
"ENSG00000143079","ENSP00000271277.6","S563","SSPLSPLSPGIKSPT","1","Q9P2B4","CTTNBP2NL",-0.670473137547262,0.000627463685329787,0.00202342677437981
"ENSG00000172292","ENSP00000306579.6","S346","DRSDIESSSDEEDSE","1","Q6ZMG9","CERS6",0.595955526753134,3.08548719406307e-05,0.000121006853163633
"ENSG00000151694","ENSP00000309968.3","S791","NSSTAAKSFEDLTDH","1","P78536","ADAM17",0.519369403585491,0.00379701225522856,0.0107016867986277
"ENSG00000138668","ENSP00000313199.7","S83","DEGHSNSSPRHSEAA","1","Q14103","HNRNPD",1.3478555784713,1.7747409230348e-06,8.14053818087136e-06
"ENSG00000215114","ENSP00000382507.2","T59","TVFKSPRTPPQRFYS","1","Q14CS0","UBXN2B",-1.20814617859716,0.000242976101541041,0.000837005691515872
"ENSG00000121741","ENSP00000479904.1","S305","QPGVDSLSPVASLPK","1",NA,"ZMYM2",-0.739315688638584,0.00353050501767625,0.0100039136631243
"ENSG00000106299","ENSP00000223023.4","S485","RSKAIHSSDEDEDED","1","O00401","WASL",1.28333602121509,0.000971174919466526,0.00303907438037902
"ENSG00000075340","ENSP00000264436.3","S693","SVTSGPMSPEGSPSK","1","P35612","ADD2",-1.02896158739408,2.9030554111073e-06,1.29345933517568e-05
"ENSG00000161800","ENSP00000309871.5","S203","GPVKKTRSIGSAVDQ","1","F8VZ41","RACGAP1",1.26503536971786,2.73944803108924e-06,1.22609003815875e-05
"ENSG00000113360","ENSP00000425979.2","S355","LEIVNHRSPSREKKR","1","Q9NRR4","DROSHA",0.430222255482173,0.00160364231102537,0.00485560899331808
"ENSG00000197405","ENSP00000347197.2","S332","EESVVRESKSFTRST","1",NA,"C5AR1",-0.63632824565315,0.000177834693390197,0.000624970662722775
"ENSG00000171368","ENSP00000353785.5","S160","GVTKAISSPTVSRLT","1","O94811","TPPP",-0.685580774277389,0.00131662858905269,0.0040416791657337
"ENSG00000136111","ENSP00000366863.3","T568","NKAKRSLTSSLENIF","1","O60343","TBC1D4",-0.355902228578669,0.00561325524973135,0.0152905073002682
"ENSG00000100784","ENSP00000479667.1","S376","EKLFQGYSFVAPSIL","1","O75582","RPS6KA5",-0.797233525556205,0.00160364231102537,0.00485560899331808
"ENSG00000112742","ENSP00000358813.2","S821","GQLVGLNSPNSILKA","1","P33981","TTK",0.859515559118357,0.0029485863972738,0.00850121649679703
"ENSG00000134058","ENSP00000256443.3","T170","GSPNRAYTHQVVTRW","1","D6REC6","CDK7",0.134910631291342,0.00942427891232317,0.0244461678743985
"ENSG00000141564","ENSP00000307272.3","S859","DTSSLTQSAPASPTN","1","I3L2I3","RPTOR",0.433433205842476,0.00066193430401769,0.00212563939501437
"ENSG00000091732","ENSP00000351052.4","S395","PGLEVPSSPLRKAKR","1","Q86WB0","ZC3HC1",0.363541209457178,0.0114028906714501,0.0290065231698007
"ENSG00000204356","ENSP00000364578.3","S115","QPFQRSISADDDLQE","1","P18615","NELFE",-0.31354208322022,0.0155608653617918,0.0382714862770554
"ENSG00000061273","ENSP00000404394.2","S181","NPLLRKESAPPSLRR","1","Q8WUI4","HDAC7",-0.318221579974521,3.06619306896118e-06,1.36239636220511e-05
"ENSG00000170421","ENSP00000447566.1","S74","TVNQSLLSPLVLEVD","1","P05787","KRT8",2.74800049795408,0.000278065343611463,0.000949344079208255
"ENSG00000172292","ENSP00000306579.6","S347","RSDIESSSDEEDSEP","1","Q6ZMG9","CERS6",0.608772022258776,0.000146548406818967,0.000522145788509157
"ENSG00000165119","ENSP00000317788.4","S216","ILDLISESPIKGRAQ","1","P61978","HNRNPK",1.83291412598553,2.75396333292824e-06,1.23168719114982e-05
"ENSG00000136940","ENSP00000259467.4","S19","KLQYYYSSSEDEDSD","1","H0Y5D3","PDCL",0.699317529770045,0.00917109262735304,0.023864153312833
"ENSG00000101654","ENSP00000372804.2","T77","SSSCGKDTPSKKRKL","1","O43148","RNMT",1.30176877762369,0.000169238874217147,0.000596952727944804
"ENSG00000170734","ENSP00000361310.4","S687","QGKRNPKSPLACTNK","1","Q9Y253","POLH",0.631867239417435,0.0058830834859135,0.015957434362349
"ENSG00000075218","ENSP00000415430.1","S454","RSIRRRDSCLNSKTK","1","Q9NYZ3","GTSE1",4.77283995429015,7.37319507137116e-09,4.35443366664423e-08
"ENSG00000067369","ENSP00000263801.3","S1618","LTKAADISLDNLVEG","1","Q12888","TP53BP1",1.33365876961108,4.41806229195541e-05,0.000169536086823157
"ENSG00000107242","ENSP00000265382.2","S413","PSKKRCNSIAALKAT","1","O14986","PIP5K1B",-0.735216190786932,0.000365572830469626,0.0012271858242679
"ENSG00000179632","ENSP00000318604.5","S75","SPSRLSKSQGGEEEG","1","Q9H063","MAF1",-0.955003719559418,0.000149912575558888,0.000533388003947768
"ENSG00000178035","ENSP00000321584.4","S122","ITDPVVLSPKDRVRD","1",NA,"IMPDH2",0.813721397289619,0.00130867859101753,0.00401888520109551
"ENSG00000141577","ENSP00000269392.4","S78","NNLRRSNSTTQVSQP","1","Q9UPN4","CEP131",0.803010455985703,9.69872745693856e-06,4.05480904390017e-05
"ENSG00000163513","ENSP00000295754.5","S409","LRLDPTLSVDDLANS","1","P37173","TGFBR2",-0.0631151674115689,0.0197869028784178,0.047394844357442
"ENSG00000106683","ENSP00000336740.2","S323","KDLGRSESLRVVCRP","1","E9PC47","LIMK1",0.483065737345971,0.000859086387419942,0.0027121358135865
"ENSG00000182670","ENSP00000381981.2","S378","AYTPRSLSAPIFTTS","1",NA,"TTC3",1.12420442995867,0.000243067009979854,0.000837224741017491
"ENSG00000139687","ENSP00000267163.4","S795","SPYKFPSSPLRIPGG","1",NA,"RB1",-0.311561058398738,0.0190393358399216,0.045808310184062
"ENSG00000109906","ENSP00000338157.4","T282","RGKEGPGTPTRSSVI","1","Q05516","ZBTB16",-1.02916958098975,9.07772783299476e-05,0.000333717573706963
"ENSG00000159023","ENSP00000345259.4","S521","QAQTRQASALIDRPA","1",NA,"EPB41",0.239109824207585,0.00270621720871064,0.00786085557923578
"ENSG00000147140","ENSP00000276079.8","T15","NLEKQNHTPRKHHQH","1","Q15233","NONO",1.96717739205261,0.000574419451857106,0.00186335176269303
"ENSG00000162302","ENSP00000333896.4","S360","PRIFQGYSFVAPSIL","1","E9PJN1","RPS6KA4",0.00145971281404123,0.0166658280409438,0.0406660005028046
"ENSG00000198561","ENSP00000382004.5","S252","MEGYRAPSRQDVYGP","1","O60716","CTNND1",-0.460337956413996,0.0084515851502116,0.0221520822137553
"ENSG00000152661","ENSP00000282561.3","S365","IVDQRPSSRASSRAS","1","P17302","GJA1",-0.406244432914816,0.0192387207307295,0.04622614945592
"ENSG00000134852","ENSP00000426983.1","S427","ALERFDHSPTPSASS","1","O15516","CLOCK",0.73467142250383,0.00127462410549564,0.00391823209077278
"ENSG00000096968","ENSP00000371067.4","S523","GVSDVPTSPTLQRPT","1",NA,"JAK2",0.0298738618213878,0.0145305999793982,0.0360442153447188
"ENSG00000150457","ENSP00000372035.4","S380","ATLARRDSLQKPGLE","1","Q9NRM7","LATS2",-0.531994270087818,0.00312236058641146,0.00895170176542046
"ENSG00000169398","ENSP00000429911.1","Y397","SVSETDDYAEIIDEE","1","Q05397","PTK2",-0.980220641471224,0.0086038176100595,0.0225103722923481
"ENSG00000115325","ENSP00000233668.5","S446","SGIKSHNSALYSQVQ","1","Q99704","DOK1",0.389222035321787,0.00238051479289081,0.00698361821062022
"ENSG00000103319","ENSP00000263026.5","S441","ESENSGDSGYPSEKR","1","O00418","EEF2K",0.808569082802725,0.0012734961916717,0.00391555039568369
"ENSG00000143870","ENSP00000272227.4","S428","VEDDIDLSDVELDDL","1","Q15084","PDIA6",0.320164346484946,0.00401602327741,0.0112733382189456
"ENSG00000146678","ENSP00000275525.3","S194","LAKAQETSGEEISKF","1","P08833","IGFBP1",-0.451523489564618,0.0104877015874027,0.0269066228481953
"ENSG00000167566","ENSP00000337998.6","S477","SPGGPQLSPQLPRNS","1","H7C1V4","NCKAP5L",-0.707641915425706,0.00405607897806002,0.0113805658563129
"ENSG00000054118","ENSP00000346634.5","T874","EEWDPEYTPKSKKYY","1","Q9Y2W1","THRAP3",1.08038583860934,0.000183722339565437,0.000644184335924808
"ENSG00000006638","ENSP00000364336.4","S331","STRPRSLSLQPQLTQ","1","P21731","TBXA2R",-0.444032819102398,0.00264245245929563,0.00769240577706038
"ENSG00000123485","ENSP00000414109.1","S486","GLETRRLSLPSSKAK","1","H7C0I6","HJURP",1.17868778885548,0.0002521437187579,0.000866735194765658
"ENSG00000104722","ENSP00000221166.5","S615","EKPEKAKSPVPKSPV","1","P07197","NEFM",-0.811708485427593,0.0113891706015297,0.0289788386818232
"ENSG00000131016","ENSP00000384537.2","S698","RARRGSSSDEEGGPK","1","Q02952","AKAP12",-0.971028555751404,0.00440869213909097,0.012277750872632
"ENSG00000140044","ENSP00000498745.1","T148","VRTDSVKTPESEGNP","1","Q8WYK2","JDP2",-0.736466699804494,0.000526079497076213,0.00172056629540027
"ENSG00000197965","ENSP00000352513.2","Y263","NKSESVVYADIRKN_","1",NA,"MPZL1",-0.2865455235445,0.00229339004453438,0.00674481170007257
"ENSG00000138639","ENSP00000378611.1","S402","LSGSKTNSPKNSVHK","1","Q8N264","ARHGAP24",-0.616119467784607,0.00248130149038026,0.0072577535718911
"ENSG00000165699","ENSP00000298552.3","S511","DSPFYRDSLPGSQRK","1","Q92574","TSC1",0.302142468388686,0.0189618778690859,0.0456400065056181
"ENSG00000137497","ENSP00000377298.4","S1991","RQQRKRVSLEPHQGP","1",NA,"NUMA1",-0.261149159159626,0.013632206993851,0.0340277741570875
"ENSG00000106299","ENSP00000223023.4","S484","KRSKAIHSSDEDEDE","1","O00401","WASL",0.981181535513733,0.00356599378995221,0.0100979375062914
"ENSG00000115966","ENSP00000264110.2","T69","SVIVADQTPTPTRFL","1","P15336","ATF2",0.287768031050112,0.0187262991528441,0.0451615202281347
"ENSG00000115904","ENSP00000384675.2","S1167","ESAPAESSPSKIMSK","1","Q07889","SOS1",0.692796870934508,0.00340715146878936,0.00969022336529466
"ENSG00000169398","ENSP00000429911.1","S722","PSRPGYPSPRSSEGF","1","Q05397","PTK2",-0.297725060351059,0.0118884184890486,0.0300917307835875
"ENSG00000116096","ENSP00000234454.5","S213","QQLARETSVDPDMRK","1","P35270","SPR",0.685399261897572,0.0145547340868477,0.0360949305862228
"ENSG00000198873","ENSP00000376609.2","S484","VLDIEQFSTVKGVNL","1","P34947","GRK5",-1.62980767326242,0.000162388018567179,0.000574440820615399
"ENSG00000198873","ENSP00000376609.2","T485","LDIEQFSTVKGVNLD","1","P34947","GRK5",-1.62980767326242,0.000162388018567179,0.000574440820615399
"ENSG00000106462","ENSP00000419711.1","T416","EANSRCQTPIKMKPN","1","G3XAL2","EZH2",1.29687757675559,0.000462275865564455,0.0015255700947903
"ENSG00000104320","ENSP00000265433.4","S343","TTPGPSLSQGVSVDE","1","O60934","NBN",0.973710704461995,0.0135742262435778,0.0338968516325327
"ENSG00000148426","ENSP00000277570.5","S43","SSSSRSRSFTLDDES","1",NA,"PROSER2",-0.544715846167227,0.0091542328170342,0.023824328210447
"ENSG00000167978","ENSP00000301740.8","S1326","NSPLRENSFGSPLEF","1","Q9UQ35","SRRM2",0.276908673890558,0.0153709439937948,0.0378742927305493
"ENSG00000077235","ENSP00000348510.4","S667","VRLVRNLSEEGLLRL","1",NA,"GTF3C1",0.471690460441991,0.00832473125041299,0.0218698147594433
"ENSG00000120896","ENSP00000240123.7","S530","DGPQLPTSPRLTAAA","1",NA,"SORBS3",-1.40123335919638,0.000352322315956158,0.00118504196822264
"ENSG00000146670","ENSP00000275517.3","S33","LRRSQRKSGSELPSI","1","H0YCR8","CDCA5",1.44882619392558,0.00138948230216188,0.00424914530982445
"ENSG00000164144","ENSP00000296557.4","S132","LELVRKWSLNTYKCT","1","P53367","ARFIP1",0.990397783077578,0.0147202158326446,0.0364614463458933
"ENSG00000185386","ENSP00000333685.6","T180","RQADEEMTGYVATRW","1","Q15759","MAPK11",-0.293200292098813,0.00911396457896562,0.023729604462396
"ENSG00000105971","ENSP00000222693.4","Y19","LFMDDDSYSHHSGLE","1",NA,"CAV2",-1.19478066579515,0.00408182074229302,0.0114496472903954
"ENSG00000133026","ENSP00000269243.4","S1952","QLHLEGASLELSDDD","1","P35580","MYH10",-0.927217289257836,0.00429529621663597,0.0119968421945688
"ENSG00000087274","ENSP00000381197.1","S355","KYKAKSRSPGSPVGE","1",NA,"ADD1",-0.75741250468573,0.00137862971987636,0.00421848305198312
"ENSG00000012048","ENSP00000350283.3","S1524","LQNRNYPSQEELIKV","1","P38398","BRCA1",0.747781637327989,0.0151387588863426,0.037368285628028
"ENSG00000137807","ENSP00000260363.4","S716","QLHRRSNSCSSISVA","1","Q02241","KIF23",1.21934405161449,0.00679489431358926,0.018162192432616
"ENSG00000165304","ENSP00000298048.2","S336","PVRLRLSSFSCGQAS","1","Q14680","MELK",1.18676989767108,0.0120722836717214,0.0304991865721272
"ENSG00000204305","ENSP00000364217.4","S391","ERAELNQSEEPEAGE","1",NA,"AGER",-1.32585220232578,0.0109044044689704,0.0278633765489533
"ENSG00000157554","ENSP00000288319.7","S96","KGGKMVGSPDTVGMN","1","B5MDW0","ERG",-0.611312210441584,0.0153739816913309,0.0378787320253123
"ENSG00000198055","ENSP00000347655.5","S484","VLDIEQFSTVKGVEL","1","D6R9V4","GRK6",-0.809755072359729,0.0148862350536047,0.0368191019546179
"ENSG00000198055","ENSP00000347655.5","T485","LDIEQFSTVKGVELE","1","D6R9V4","GRK6",-0.809755072359729,0.0148862350536047,0.0368191019546179
