LinkerHeats
WLS = 8.94501755276
L1CAM = 9.80881733511
FOXI1 = 9.84563978454
FOXI2 = 9.9473189635
CAV2 = 8.1205876065
EGF = 9.79850683798
LHX1 = 8.97043527525
MAP3K9 = 8.3263445409
TYROBP = 8.66891792948
NR0B2 = 10.0931909468
PTGER1 = 9.35112795477
STAP1 = 10.8718300516
MAGI3 = 8.55517280006
CBLC = 9.44374296738
BRCA2 = 8.35309513682
ERBB4 = 10.1139384069
IDH2 = 8.65380724401
FLRT1 = 10.1017741466
PIK3C2G = 11.1238210745
GATA3 = 8.14290342074
BMP7 = 9.65729879268
AVPR2 = 8.33147470401
NRXN1 = 8.42728501283
KIT = 9.41092937221
NR1I3 = 8.53906358375
ANGPTL4 = 9.40479601372
PAK5 = 10.3576724029
PAK6 = 9.73584045774
ELMO1 = 8.96764313885
KNG1 = 10.7024671708
NR3C1 = 8.61125808465
KHDRBS2 = 8.63040872954
CNTN1 = 8.6889301408
NEK6 = 8.82728840052
CHD5 = 9.16045621962
PREX1 = 9.16697856976
ESRRB = 10.3591666089
GRM1 = 9.55166542929
FOXJ3 = 8.78012076112
RNF43 = 8.25820866698
FCER1G = 8.34852210377
LMX1B = 9.06597126388
INSIG2 = 9.09360925485
FGF9 = 9.42059536508
NPHS1 = 9.96985881176
MTNR1A = 9.72420636755
RHOG = 9.2775578696
FGF1 = 9.16847904639
PRDM16 = 9.53797525842
HACD3 = 9.11443289234
IRF7 = 8.78664269027
ETV7 = 7.92313264731
TNFAIP6 = 9.37250003553
RIPPLY1 = 10.0828403683
EIF4EBP1 = 8.8836421917
PRDM1 = 8.65489879497
SORT1 = 8.68587890652
ZNF503 = 3.0469311939
IL15RA = 8.29288703699
BTK = 8.75712366489
BAG1 = 8.68836351407
SRGAP3 = 9.09678264151
RORB = 8.14206492367
GNAI2 = 9.51201229456
SH3GL2 = 10.0800119061
ZNF536 = 2.40430097738
NR6A1 = 8.9120643763
MECOM = 8.3991456145
AFP = 9.0749654654
IFI16 = 8.94852194664
DUSP9 = 9.53245129122
CASR = 9.80043216651
PML = 9.09913761562
OXGR1 = 11.9430865365
VGLL1 = 3.29574570044
CLIC1 = 9.09324211293
CHRNA4 = 9.34092095235
ENO1 = 8.90718571383
AMFR = 9.7661823561
RPS6KA6 = 9.91315072606
LMO3 = 8.91009191248
GRIK5 = 9.9578851068
PRDX4 = 8.04988616327
PLCG2 = 9.77806361318
ELF5 = 10.4935870058
ALDH1A2 = 9.37205761924
CRABP1 = 9.72331657076
GRHL2 = 9.9292106569
BID = 9.74437796735
TFAP2B = 10.0821366467
LRP1B = 8.89023038809
HCLS1 = 8.56901652753
EYA2 = 8.19119492013
ESRRG = 8.58780255654
STAC2 = 9.13891695215
POU3F4 = 9.26305442723
TMPRSS2 = 10.8964214655
DNMT3L = 9.00050760999
GPC3 = 9.60509314857
DACH1 = 8.69411252953
GPRC6A = 7.92261434846
DACH2 = 9.28899424895
EHF = 8.46692737895
CASP1 = 9.63224623528
TYMS = 8.93242114751
PTPRO = 9.45890742069
CALCA = 8.12595560717
PDE1A = 8.65329815814
