LinkerHeats
GHR = 7.01935543004
AGER = 7.68603172512
MIF = 7.06997140697
ZFYVE9 = 7.52986833379
IL22 = 7.33797638887
CAV1 = 7.50257334719
PECAM1 = 6.57216463179
LHX6 = 6.60942696525
TSFM = 7.17549632599
NDST1 = 8.42275495162
DCC = 8.1578658197
APBB2 = 7.0404302572
ZNF575 = 8.05514127321
KLF2 = 8.01049761543
CDKN2B = 7.90175100582
NPR2 = 7.34381802932
CENPF = 7.07646797749
TONSL = 7.1423497895
FLI1 = 7.50916613607
CAMK2A = 7.50431844437
RAMP3 = 7.69859910367
ZNF366 = 7.26278961291
LDB2 = 8.02111010244
SHOX2 = 7.39461256654
BMP7 = 7.08780002862
NME2 = 7.19374187169
POLR3G = 7.73935312379
GTSE1 = 7.63058570316
PKIA = 7.75087493528
NRXN1 = 7.10382852124
RUNX1 = 7.53516703707
FOXM1 = 7.27574089756
ITGA8 = 7.22311873302
STARD13 = 7.60004409738
GRIA1 = 7.93403214081
KHDRBS3 = 6.62878107621
TCF7L1 = 7.57091582179
ZNF593 = 6.64908054566
EDNRB = 8.1758906094
NDRG2 = 7.52788407871
NDC80 = 7.32747061539
TNXB = 7.41453247029
MEIS2 = 7.63381301403
SOX17 = 8.29815922256
TTK = 7.12761876909
CHEK2 = 7.42234318344
PDE5A = 7.30283984906
CHEK1 = 7.47182892102
RHOJ = 7.39506326469
FGF2 = 7.59776606385
EPAS1 = 8.38587636363
TAF4 = 6.659709014
TFAP4 = 7.45776628838
TOP1 = 7.63931188469
ATAD2 = 7.05467766219
PRDM5 = 7.53648434402
DEPDC1 = 7.86549017468
TIE1 = 7.69569638674
TBC1D2 = 7.63667271016
PADI4 = 7.93103171339
WNT3A = 7.64351417919
RCAN1 = 7.85835780887
ONECUT1 = 7.70922169613
TBX2 = 7.56441875799
FABP4 = 7.74407481635
AKAP12 = 6.9841419067
CBFA2T3 = 7.44323853479
CBX8 = 7.08304999648
CBX7 = 7.46197021187
CBX6 = 7.50048035319
CBX4 = 7.27949036746
CBX3 = 7.13464980932
ZNF536 = 0.652197301203
TEK = 8.72683097632
S1PR1 = 8.71636094372
FHL5 = 7.85463206288
TCF21 = 8.06614929697
FGD5 = 7.39331237556
HELLS = 7.27852434495
RASSF2 = 6.6555438879
TAL1 = 7.66628289844
PYGO2 = 7.80696418958
NFIB = 7.57908304334
HMGA1 = 7.50345714908
FRY = 7.89673165557
IL11 = 7.0659684478
LMO2 = 7.74192166349
LRRN3 = 8.35210394245
ERO1A = 7.18625404497
CDK5 = 7.62537361581
RAD51 = 7.27276472589
PTH1R = 7.96435669202
TGFBR3 = 7.50587494701
RASL12 = 7.8517587057
CRYAB = 7.52276975922
SPARCL1 = 6.83698707879
LATS2 = 7.18086397383
FOXO1 = 7.53815590359
ERG = 7.92261629313
CHAF1A = 7.08361278705
SH2D3C = 7.96860156907
SORBS3 = 8.1884643039
MYBL2 = 7.31222434831
SMARCA2 = 7.80527866343
SPTBN1 = 7.82609774747
IQGAP3 = 7.20319886781
ARHGAP44 = 7.11967571265
GFI1B = 7.83685152892
ANKRD1 = 8.20620951692
CRABP2 = 7.32183359675
GDF2 = 8.83804040135
SOX7 = 8.06157637456
SLIT2 = 7.56674122646
AJUBA = 7.6508688027
NR3C2 = 7.13807901657
CALCRL = 8.32535658858
PSMC3IP = 7.04818688152
MCM7 = 7.39331860171
MCM6 = 7.11727125518
GPC3 = 7.87914220105
MCM2 = 7.23266691191
DACH1 = 7.40837570373
CCNA2 = 7.23094288018
RAMP2 = 8.42906393548
E2F7 = 7.03593119211
ACTN2 = 7.60217960563
E2F3 = 7.23400357423
E2F2 = 7.25161363043
MCC = 6.78088590699
E2F8 = 7.12815236858
ADH1A = 7.10097209627
BCL6B = 6.75970882403
ILF2 = 7.85848965324
